Toan,Van,Ly,Hoa,Sinh,Su,Dia,GDCD,Anh,KHTN,KHXH,KhoiA,KhoiB,KhoiC,KhoiD,KhoiA1
2.8,6.5,,,,3.75,5.75,7.0,3.6,,5.5,,,16.0,,
4.6,7.0,,,,4.0,5.5,6.5,3.2,,5.33,,,16.5,,
3.6,2.0,,,,3.75,5.75,7.25,2.8,,5.58,,,11.5,,
4.0,6.0,,,,4.0,3.75,6.25,2.6,,4.67,,,13.75,,
3.6,5.0,,,,2.75,3.25,4.75,3.2,,3.58,,,11.0,,
4.6,5.0,,,,2.75,5.25,8.25,2.6,,5.42,,,13.0,,
2.8,1.75,,,,2.5,5.0,6.25,2.6,,4.58,,,9.25,,
5.2,7.25,,,,3.5,6.0,6.0,3.6,,5.17,,,16.75,,
4.0,6.0,4.5,4.25,6.25,,,,3.4,5.0,,12.75,14.5,,,11.9
2.4,3.0,,,,3.25,6.5,8.25,2.6,,6.0,,,12.75,8.0,
3.6,6.25,,,,4.25,7.0,8.0,3.6,,6.42,,,17.5,,
4.2,2.0,,,,5.75,6.0,8.25,2.6,,6.67,,,13.75,,
5.2,5.25,5.25,5.0,4.0,,,,3.4,4.75,,15.45,14.2,,,13.85
2.8,5.5,,,,2.25,5.5,4.0,2.0,,3.92,,,13.25,,
3.0,5.75,,,,2.75,5.25,6.0,3.2,,4.67,,,13.75,,
4.8,7.0,3.5,4.25,4.75,,,,4.0,4.17,,12.55,13.8,,,12.3
3.4,7.0,,,,5.25,7.25,9.0,3.2,,7.17,,,19.5,,
4.2,7.25,3.0,5.0,5.75,,,,2.2,4.58,,12.2,14.95,,,9.4
3.8,5.75,,,,3.25,5.75,7.75,2.4,,5.58,,,14.75,,
5.8,6.75,,,,5.5,7.75,7.75,4.6,,7.0,,,20.0,,
3.6,6.25,,,,3.0,5.25,7.25,3.8,,5.17,,,14.5,,
3.0,3.25,,,,2.75,3.75,4.75,1.2,,3.75,,,9.75,,
4.4,7.5,,,,4.25,5.5,7.5,4.0,,5.75,,,17.25,,
4.2,5.25,,,,4.25,6.5,8.75,3.4,,6.5,,,16.0,,
5.0,7.5,,,,4.0,6.25,8.5,4.6,,6.25,,,17.75,,
3.4,5.0,,,,3.25,6.0,6.75,3.8,,5.33,,,14.25,,
2.8,3.0,,,,2.5,4.5,6.0,2.2,,4.33,,,10.0,8.0,
4.0,6.25,,,,3.25,7.0,7.75,2.2,,6.0,,,16.5,,
4.2,3.5,,,,4.0,4.25,6.25,2.2,,4.83,,,11.75,,
3.6,6.0,,,,3.75,4.5,5.0,2.0,,4.42,,,14.25,,
3.0,5.25,,,,3.25,4.75,4.75,3.0,,4.25,,,13.25,,
3.2,2.25,,,,2.75,3.5,3.75,2.8,,3.33,,,8.5,,
4.6,4.75,,,,6.0,8.5,8.0,4.4,,7.5,,,19.25,,
4.2,4.75,,,,3.25,4.25,6.25,3.2,,4.58,,,12.25,,
2.6,2.0,,,,2.75,4.5,5.25,2.6,,4.17,,,9.25,,
3.0,5.25,,,,4.0,5.25,5.75,1.8,,5.0,,,14.5,,
3.0,3.25,,,,2.75,3.5,6.0,2.6,,4.08,,,9.5,,
3.2,5.0,,,,3.5,4.25,5.75,2.8,,4.5,,,12.75,11.0,
3.0,3.0,,,,3.5,4.5,7.25,2.4,,5.08,,,11.0,,
4.2,6.0,,,,4.25,6.0,7.0,3.0,,5.75,,,16.25,,
5.2,6.75,,,,3.0,5.0,7.75,2.2,,5.25,,,14.75,,
4.8,5.25,,,,3.0,7.25,8.25,3.6,,6.17,,,15.5,,
2.6,4.5,,,,3.75,4.5,5.75,2.8,,4.67,,,12.75,,
4.2,4.0,,,,2.75,5.0,6.0,4.2,,4.58,,,11.75,,
2.4,5.5,,,,2.25,5.0,6.0,4.0,,4.42,,,12.75,,
4.4,3.25,3.25,2.5,3.25,,,,2.6,3.0,,10.15,10.15,,,10.25
8.0,8.25,7.0,5.25,7.0,,,,3.6,6.42,,20.25,20.25,,,18.6
4.2,5.25,3.25,3.25,4.25,,,,3.2,3.58,,10.7,11.7,,,10.65
6.0,8.25,4.75,4.5,5.0,,,,3.4,4.75,,15.25,15.5,,,14.15
6.4,8.0,4.25,4.5,5.25,,,,2.0,4.67,,15.15,16.15,,,12.65
4.4,2.0,,,,6.0,,,,,,,,,,
4.8,6.25,3.5,3.5,3.75,4.75,5.5,,,3.58,,11.8,12.05,16.5,,
4.0,4.0,,,,2.75,4.75,,,,,,,11.5,,
2.6,2.5,,,,3.0,2.25,,,,,,,7.75,,
4.8,4.5,,,,3.75,,,,,,,,,,
3.4,2.5,,,,2.0,4.25,,,,,,,8.75,,
2.4,2.75,,,,3.0,3.75,,,,,,,9.5,,
3.6,3.0,,,,2.75,5.0,,,,,,,10.75,,
6.0,,,4.25,4.5,,,,,,,,14.75,,,
2.0,4.5,,,,2.75,2.25,,,,,,,9.5,,
7.6,,7.5,7.75,,,,,,,,22.85,,,,
2.0,3.75,,,,3.5,6.0,,,,,,,13.25,,
3.0,6.5,,,,4.75,5.0,7.0,2.2,,5.58,,,16.25,,
3.0,6.5,,,,2.75,6.0,7.5,2.0,,5.42,,,15.25,,
5.4,6.5,,,,6.0,8.0,8.0,3.6,,7.33,,,20.5,,
4.0,6.25,,,,2.0,1.75,2.5,3.6,,2.08,,,10.0,,
3.2,3.0,,,,2.75,5.0,6.75,2.8,,4.83,,,10.75,9.0,
5.4,5.0,,,,4.5,5.75,7.0,2.4,,5.75,,,15.25,,
3.8,6.5,,,,2.75,5.0,6.25,2.4,,4.67,,,14.25,,
3.4,6.5,,,,2.75,3.5,7.75,2.4,,4.67,,,12.75,,
5.0,7.5,,,,4.0,6.5,9.0,3.0,,6.5,,,18.0,,
3.6,7.0,,,,3.5,5.25,6.75,1.8,,5.17,,,15.75,,
4.2,7.75,,,,3.0,7.25,9.0,3.2,,6.42,,,18.0,,
4.0,6.5,,,,2.5,5.0,7.5,3.8,,5.0,,,14.0,,
4.8,8.5,,,,5.75,8.25,9.0,4.6,,7.67,,,22.5,,
3.2,6.75,,,,2.25,3.75,5.75,0.8,,3.92,,,12.75,,
4.2,6.0,,,,3.0,5.5,5.75,1.6,,4.75,,,14.5,,
1.0,6.75,,,,2.75,3.75,4.75,2.4,,3.75,,,13.25,,
2.8,3.5,,,,2.5,5.0,6.25,2.6,,4.58,,,11.0,,
3.6,8.0,,,,8.0,8.0,7.75,2.4,,7.92,,,24.0,14.0,
3.6,6.5,,,,3.5,5.25,8.0,3.2,,5.58,,,15.25,,
5.4,7.0,,,,3.75,6.75,8.25,2.4,,6.25,,,17.5,,
5.6,5.75,5.25,3.25,4.5,,,,3.6,4.33,,14.1,13.35,,,14.45
5.2,6.0,4.25,3.0,3.25,,,,4.2,3.5,,12.45,11.45,,,13.65
4.8,5.5,3.5,3.75,4.25,,,,3.0,3.83,,12.05,12.8,,,11.3
4.2,6.75,2.75,2.75,3.75,,,,3.0,3.08,,9.7,10.7,,,9.95
7.6,6.25,6.0,2.75,6.0,,,,6.2,4.92,,16.35,16.35,,,19.8
5.4,6.25,6.5,5.25,6.5,,,,4.4,6.08,,17.15,17.15,,,16.3
6.0,6.0,3.5,4.25,5.0,,,,2.6,4.25,,13.75,15.25,,,12.1
4.2,7.75,2.0,4.75,3.5,,,,3.4,3.42,,10.95,12.45,,,9.6
6.0,7.5,3.75,4.0,5.75,,,,2.6,4.5,,13.75,15.75,,,12.35
7.0,4.5,4.0,7.25,6.5,,,,3.6,5.92,,18.25,20.75,,,14.6
3.8,6.25,3.0,3.0,3.75,,,,3.6,3.25,,9.8,10.55,,,10.4
6.4,3.75,3.5,4.5,7.5,,,,3.4,5.17,,14.4,18.4,,,13.3
4.0,5.5,,,,4.0,5.25,7.0,3.6,,5.42,,,14.75,,
2.8,5.75,,,,3.5,3.5,4.0,3.0,,3.67,,,12.75,,
3.6,7.25,,,,5.75,5.0,6.0,2.4,,5.58,,,18.0,,
4.4,7.0,,,,3.75,6.0,8.25,2.6,,6.0,,,16.75,14.0,
3.0,5.0,,,,2.25,6.75,7.25,3.2,,5.42,,,14.0,,
2.2,4.5,,,,2.25,5.25,5.75,1.8,,4.42,,,12.0,,
6.0,,5.25,5.5,,,,,,,,16.75,,,,
2.2,3.5,,,,3.0,5.75,,,,,,,12.25,,
4.0,8.5,,,,8.0,7.0,,,,,,,23.5,,
1.8,3.5,,,,2.5,1.75,,,,,,,7.75,,
,7.75,,,,5.5,7.0,,,,,,,20.25,,
,8.0,,,,6.25,8.75,,,,,,,23.0,,
2.8,4.0,,,,2.25,4.5,,,,,,,10.75,,
2.2,3.75,,,,3.5,3.25,,,,,,,10.5,,
2.4,5.25,,,,2.0,4.75,,,,,,,12.0,,
4.8,5.75,,,,2.0,6.0,,,,,,,13.75,,
2.8,3.25,,,,3.0,4.5,,,,,,,10.75,,
3.0,2.0,,,,2.5,4.25,,,,,,,8.75,,
3.0,2.75,,,,3.0,5.5,5.75,2.4,,4.75,,,11.25,,
2.4,2.0,,,,3.5,4.25,,,,,,,9.75,,
2.0,3.5,,,,4.5,5.0,,,,,,,13.0,,
3.4,6.5,,,,4.25,6.0,7.5,3.4,,5.92,,,16.75,,
5.2,7.5,,,,5.25,4.5,7.0,4.8,,5.58,,,17.25,,
4.0,6.75,4.0,2.25,3.75,,,,2.6,3.33,,10.25,10.0,,,10.6
3.8,7.75,,,,4.25,5.75,8.0,1.6,,6.0,,,17.75,,
6.8,7.0,6.5,7.0,4.75,,,,4.0,6.08,,20.3,18.55,,,17.3
5.6,,4.5,5.25,6.0,,,,,5.25,,15.35,16.85,,,
5.4,8.5,,,,3.25,6.75,7.75,6.8,,5.92,,,18.5,,
1.4,4.0,,,,3.0,4.5,5.25,1.8,,4.25,,,11.5,,
3.0,4.0,,,,3.75,4.75,5.25,3.4,,4.58,,,12.5,,
2.6,6.0,,,,3.75,5.75,7.0,2.2,,5.5,,,15.5,,
2.6,7.0,,,,4.0,6.25,6.25,2.4,,5.5,,,17.25,12.0,
3.6,7.0,,,,3.5,5.5,6.25,2.4,,5.08,,,16.0,13.0,
3.8,3.5,,,,3.25,3.75,5.0,3.0,,4.0,,,10.5,,
2.6,6.25,,,,5.5,4.75,8.25,3.0,,6.17,,,16.5,,
5.2,3.5,,,,3.75,5.75,7.75,1.8,,5.75,,,13.0,,
3.8,3.25,,,,3.0,4.0,6.75,3.0,,4.58,,,10.25,,
2.2,3.0,,,,4.25,5.75,6.0,2.6,,5.33,,,13.0,,
2.6,4.25,,,,2.25,6.5,7.5,2.6,,5.42,,,13.0,,
3.4,6.0,,,,3.75,6.0,6.75,2.8,,5.5,,,15.75,,
4.8,5.75,,,,4.75,5.25,7.75,2.4,,5.92,,,15.75,,
3.8,5.25,,,,3.25,4.75,6.75,2.2,,4.92,,,13.25,,
3.6,6.0,,,,6.25,7.0,9.25,3.8,,7.5,,,19.25,,
6.8,5.25,6.5,6.75,1.0,,,,2.4,4.75,,20.05,14.55,,,15.7
5.4,6.5,3.75,6.75,6.75,,,,4.0,5.75,,15.9,18.9,,,13.15
5.8,6.25,4.5,4.5,6.25,,,,5.2,5.08,,14.8,16.55,,,15.5
6.4,8.0,6.5,6.0,4.5,,,,1.2,5.67,,18.9,16.9,,,14.1
5.6,7.25,,,,4.25,8.0,9.5,2.8,,7.25,,,19.5,,
3.6,5.5,,,,4.75,7.5,8.5,2.0,,6.92,,,17.75,,
1.8,3.5,,,,4.0,5.25,6.0,2.4,,5.08,,,12.75,,
3.6,5.5,2.5,1.5,6.5,,,,2.4,3.5,,7.6,11.6,,,8.5
4.6,5.75,,,,4.0,7.25,8.0,3.0,,6.42,,,17.0,,
2.6,5.0,,,,3.0,5.0,6.75,2.4,,4.92,,,13.0,10.0,
4.0,4.0,,,,4.5,6.5,,,,,,,15.0,,
5.8,,6.0,5.0,,,,,,,,16.8,,,,
7.4,,7.0,5.0,,,,,,,,19.4,,,,
3.2,,,3.0,5.0,,,,,,,,11.2,,,
4.4,7.5,,,,2.5,7.25,7.5,3.0,,5.75,,,17.25,,
3.2,6.75,,,,3.0,4.25,7.0,2.4,,4.75,,,14.0,,
3.8,7.25,,,,3.5,3.75,8.25,3.6,,5.17,,,14.5,,
3.4,6.25,,,,2.0,4.75,4.0,3.2,,3.58,,,13.0,,
3.0,7.0,,,,3.75,5.25,6.75,3.2,,5.25,,,16.0,,
4.2,4.0,,,,2.75,5.0,5.75,2.8,,4.5,,,11.75,11.0,
4.8,6.75,,,,5.25,6.25,8.75,1.4,,6.75,,,18.25,,
4.2,7.75,,,,3.5,5.5,8.5,2.6,,5.83,,,16.75,,
5.0,4.5,,,,3.75,4.75,5.75,3.0,,4.75,,,13.0,,
4.2,8.25,,,,4.75,5.75,8.5,3.6,,6.33,,,18.75,,
4.8,8.0,,,,3.5,6.0,8.5,2.8,,6.0,,,17.5,,
6.0,6.5,,,,3.75,5.75,9.25,1.8,,6.25,,,16.0,,
3.4,5.5,,,,4.0,5.75,7.25,3.0,,5.67,,,15.25,,
4.4,6.0,,,,5.0,5.25,7.0,2.6,,5.75,,,16.25,13.0,
4.8,5.75,,,,5.25,7.25,9.0,2.8,,7.17,,,18.25,,
4.8,4.25,,,,2.75,3.0,5.25,2.6,,3.67,,,10.0,,
4.6,7.25,,,,5.5,8.25,6.25,2.6,,6.67,,,21.0,,
3.8,5.5,,,,3.25,4.0,5.0,1.8,,4.08,,,12.75,,
3.0,8.0,,,,4.25,4.75,8.0,2.8,,5.67,,,17.0,,
4.4,6.0,,,,2.75,6.5,8.75,2.4,,6.0,,,15.25,,
4.6,8.5,,,,6.0,6.5,8.0,3.0,,6.83,,,21.0,,
5.4,7.5,,,,6.25,8.25,8.75,3.6,,7.75,,,22.0,,
3.6,6.0,,,,3.0,4.25,6.25,3.0,,4.5,,,13.25,,
4.6,7.5,,,,3.75,7.75,7.75,3.8,,6.42,,,19.0,,
5.8,8.5,,,,6.25,8.25,7.75,2.4,,7.42,,,23.0,,
4.6,6.0,,,,3.0,5.5,8.5,2.8,,5.67,,,14.5,,
3.8,5.75,,,,2.5,5.5,6.5,3.0,,4.83,,,13.75,,
5.4,7.75,,,,6.25,5.75,7.75,4.6,,6.58,,,19.75,,
2.8,4.75,,,,2.75,5.25,6.0,3.2,,4.67,,,12.75,,
3.0,6.25,,,,4.25,7.5,8.5,3.4,,6.75,,,18.0,,
3.2,4.75,,,,3.0,4.0,5.75,2.8,,4.25,,,11.75,,
3.6,6.5,,,,4.0,3.25,7.25,2.2,,4.83,,,13.75,,
3.2,6.25,,,,2.5,4.25,6.0,2.2,,4.25,,,13.0,,
5.4,8.0,,,,4.25,6.5,7.25,3.2,,6.0,,,18.75,,
2.6,5.5,,,,4.75,6.25,6.0,3.6,,5.67,,,16.5,,
2.0,3.0,,,,3.0,3.25,5.25,1.8,,3.83,,,9.25,,
4.8,7.5,,,,4.5,7.75,8.75,4.4,,7.0,,,19.75,,
3.0,7.0,,,,5.75,6.0,7.25,2.2,,6.33,,,18.75,,
4.0,6.75,,,,3.25,4.25,6.0,2.4,,4.5,,,14.25,,
2.2,7.75,,,,5.5,7.0,7.5,2.4,,6.67,,,20.25,,
4.0,4.0,,,,3.0,5.5,5.75,1.0,,4.75,,,12.5,9.0,
5.4,7.0,,,,3.25,6.25,8.5,2.6,,6.0,,,16.5,15.0,
3.0,6.0,,,,4.0,5.5,7.5,2.4,,5.67,,,15.5,,
3.4,5.0,,,,2.75,6.25,5.5,3.0,,4.83,,,14.0,,
2.2,3.5,,,,4.5,4.5,6.75,2.0,,5.25,,,12.5,,
2.0,4.75,,,,3.0,5.25,7.5,2.0,,5.25,,,13.0,,
3.6,5.0,,,,3.75,5.0,6.5,2.6,,5.08,,,13.75,,
3.0,3.5,,,,1.75,5.0,5.25,3.2,,4.0,,,10.25,,
2.4,5.5,,,,3.5,5.25,6.5,3.2,,5.08,,,14.25,,
4.4,7.5,,,,3.75,7.0,8.25,3.6,,6.33,,,18.25,,
2.6,3.5,,,,2.75,4.0,6.0,1.6,,4.25,,,10.25,,
4.2,6.75,,,,3.75,6.25,8.25,2.4,,6.08,,,16.75,,
3.8,5.5,,,,4.75,6.0,6.25,3.0,,5.67,,,16.25,,
4.0,4.25,,,,4.0,6.0,6.5,2.0,,5.5,,,14.25,,
3.8,5.0,,,,4.25,6.25,8.25,3.2,,6.25,,,15.5,12.0,
2.8,5.0,,,,3.5,4.75,6.25,2.8,,4.83,,,13.25,,
3.4,6.25,,,,5.25,6.5,8.0,4.4,,6.58,,,18.0,,
2.2,5.5,,,,2.75,4.5,5.5,2.4,,4.25,,,12.75,,
4.0,6.0,,,,4.75,6.5,7.5,3.4,,6.25,,,17.25,,
5.2,7.5,,,,4.75,6.5,8.5,5.4,,6.58,,,18.75,,
3.0,5.0,,,,1.5,5.25,5.25,3.8,,4.0,,,11.75,,
2.6,3.75,,,,2.5,5.5,6.75,3.0,,4.92,,,11.75,,
4.0,6.25,,,,4.0,6.75,6.75,3.6,,5.83,,,17.0,,
2.4,5.0,,,,4.5,6.25,8.75,1.6,,6.5,,,15.75,9.0,
3.8,5.5,,,,4.5,5.5,6.5,2.6,,5.5,,,15.5,,
2.4,6.0,,,,2.0,5.25,6.25,3.2,,4.5,,,13.25,,
2.8,5.25,,,,3.0,5.5,6.5,3.0,,5.0,,,13.75,,
2.0,4.5,,,,3.25,5.0,6.25,2.4,,4.83,,,12.75,,
4.8,6.25,,,,5.0,7.75,8.25,4.4,,7.0,,,19.0,,
6.2,4.25,,,,4.25,6.5,8.75,2.2,,6.5,,,15.0,,
3.8,6.5,,,,4.0,5.5,8.0,3.6,,5.83,,,16.0,,
4.0,3.5,,,,2.0,6.0,6.0,2.0,,4.67,,,11.5,,
3.6,7.5,,,,3.0,6.5,7.0,3.0,,5.5,,,17.0,,
3.4,5.25,,,,2.0,4.75,6.0,2.6,,4.25,,,12.0,,
4.8,6.75,,,,5.0,5.5,5.0,3.4,,5.17,,,17.25,,
3.8,5.25,,,,5.75,6.5,7.75,3.2,,6.67,,,17.5,,
4.4,7.25,,,,6.5,7.5,8.0,2.8,,7.33,,,21.25,,
5.4,8.25,,,,5.0,6.25,9.25,3.0,,6.83,,,19.5,,
3.0,5.0,,,,3.25,4.75,7.0,2.8,,5.0,,,13.0,,
3.2,3.5,,,,3.5,6.5,5.75,2.4,,5.25,,,13.5,,
1.4,5.25,,,,3.0,2.75,5.75,2.4,,3.83,,,11.0,,
3.2,4.75,,,,1.75,6.75,6.5,2.8,,5.0,,,13.25,,
5.6,8.25,,,,4.5,8.75,9.0,5.6,,7.42,,,21.5,,
2.4,1.25,,,,2.25,4.25,5.75,2.6,,4.08,,,7.75,,
2.8,5.0,,,,3.5,4.5,5.0,2.2,,4.33,,,13.0,10.0,
2.8,4.0,,,,2.5,3.75,6.0,2.0,,4.08,,,10.25,,
3.0,1.75,,,,2.5,3.75,,,,,,,8.0,,
2.8,3.5,,,,3.0,3.5,,,,,,,10.0,,
3.0,2.0,,,,3.5,4.75,,,,,,,10.25,,
2.6,2.75,,,,3.75,3.5,,,,,,,10.0,,
2.4,3.75,,,,4.5,4.25,,,,,,,12.5,,
1.6,6.25,,,,3.5,5.25,7.25,2.4,,5.33,,,15.0,,
2.4,7.0,,,,4.5,4.75,8.25,4.4,,5.83,,,16.25,,
3.2,5.75,,,,2.5,5.5,7.0,3.4,,5.0,,,13.75,,
4.4,6.0,3.5,4.25,4.5,,,,2.2,4.08,,12.15,13.15,,,10.1
4.8,7.0,,,,4.25,7.5,9.0,2.4,,6.92,,,18.75,,
4.2,7.0,,,,4.5,6.25,6.25,2.0,,5.67,,,17.75,,
4.2,6.0,,,,3.0,7.25,4.5,2.2,,4.92,,,16.25,,
4.2,6.5,,,,4.25,6.75,8.25,3.6,,6.42,,,17.5,,
5.0,6.25,,,,3.0,5.25,8.25,1.6,,5.5,,,14.5,,
3.0,5.0,,,,3.75,6.0,6.75,4.0,,5.5,,,14.75,12.0,
2.8,2.75,,,,3.0,3.25,5.25,3.2,,3.83,,,9.0,,
3.2,7.5,,,,3.5,5.25,7.0,3.4,,5.25,,,16.25,,
2.6,3.75,,,,4.25,6.75,8.25,3.2,,6.42,,,14.75,,
5.0,6.25,,,,5.0,6.75,8.0,3.8,,6.58,,,18.0,,
3.0,6.5,,,,4.0,6.25,8.75,2.8,,6.33,,,16.75,,
3.6,4.25,,,,3.5,5.5,7.25,3.2,,5.42,,,13.25,,
1.2,6.25,,,,5.0,7.25,7.75,3.0,,6.67,,,18.5,,
3.0,3.75,,,,3.0,4.75,5.75,1.8,,4.5,,,11.5,,
4.2,5.75,,,,3.5,5.25,7.5,3.2,,5.42,,,14.5,,
3.0,8.25,,,,4.75,6.5,8.5,4.2,,6.58,,,19.5,,
4.0,8.0,,,,4.75,7.0,7.75,3.0,,6.5,,,19.75,15.0,
3.6,2.75,,,,3.25,4.5,6.25,2.6,,4.67,,,10.5,,
3.4,5.75,,,,4.75,5.25,6.0,2.2,,5.33,,,15.75,,
3.6,5.0,,,,3.75,4.5,7.5,3.0,,5.25,,,13.25,,
4.2,7.0,,,,2.25,5.75,8.5,3.2,,5.5,,,15.0,,
5.4,6.75,,,,4.25,7.0,9.0,3.4,,6.75,,,18.0,,
4.0,6.25,,,,2.75,4.25,7.25,2.6,,4.75,,,13.25,,
2.8,3.25,,,,3.75,6.75,7.5,2.4,,6.0,,,13.75,,
3.0,4.75,,,,3.75,5.25,6.0,2.6,,5.0,,,13.75,,
3.2,2.5,,,,4.0,5.0,7.25,3.8,,5.42,,,11.5,,
4.6,7.0,,,,6.0,7.0,8.25,3.8,,7.08,,,20.0,,
4.6,4.5,,,,3.75,5.5,7.25,2.8,,5.5,,,13.75,,
4.2,7.0,,,,4.75,6.5,7.5,2.2,,6.25,,,18.25,,
4.4,5.75,,,,4.25,6.0,8.0,3.4,,6.08,,,16.0,,
4.8,5.75,,,,4.5,5.75,8.75,4.2,,6.33,,,16.0,,
2.8,5.25,,,,3.0,4.0,8.0,2.4,,5.0,,,12.25,,
5.2,7.5,,,,4.0,5.25,8.75,5.0,,6.0,,,16.75,,
4.6,3.25,,,,3.25,5.5,6.75,4.2,,5.17,,,12.0,,
3.6,3.25,,,,3.5,6.75,7.75,2.6,,6.0,,,13.5,,
3.2,5.75,,,,3.25,5.25,6.75,2.6,,5.08,,,14.25,,
4.4,6.75,,,,2.75,7.25,7.75,2.6,,5.92,,,16.75,,
5.2,5.5,,,,4.0,6.25,7.5,2.0,,5.92,,,15.75,,
3.8,6.0,,,,3.5,5.75,7.5,4.0,,5.58,,,15.25,,
4.0,5.25,,,,3.25,4.0,6.5,2.6,,4.58,,,12.5,,
3.6,7.25,,,,5.5,4.75,7.25,3.0,,5.83,,,17.5,,
5.6,8.5,,,,4.75,7.0,8.75,3.2,,6.83,,,20.25,,
2.6,4.5,,,,3.5,4.75,6.5,2.6,,4.92,,,12.75,,
3.8,3.5,,,,4.25,5.0,6.75,2.6,,5.33,,,12.75,,
3.4,7.25,,,,2.75,5.25,7.0,2.2,,5.0,,,15.25,,
4.8,6.25,,,,4.5,5.5,7.5,3.0,,5.83,,,16.25,,
5.0,8.0,,,,6.25,7.0,8.75,5.2,,7.33,,,21.25,,
3.2,2.5,,,,2.5,3.25,5.75,3.0,,3.83,,,8.25,,
3.6,5.5,,,,3.75,5.75,7.25,2.6,,5.58,,,15.0,,
4.0,7.25,,,,3.5,5.25,9.25,2.4,,6.0,,,16.0,,
6.0,6.5,,,,4.25,6.25,7.0,4.0,,5.83,,,17.0,,
4.0,7.5,,,,6.25,7.25,8.5,2.0,,7.33,,,21.0,,
3.0,7.25,,,,3.0,4.5,5.25,3.6,,4.25,,,14.75,,
1.8,2.5,,,,3.0,3.0,,,,,,,8.5,,
,6.75,,,,6.25,8.25,,,,,,,21.25,,
5.6,,,3.25,4.75,,,,,,,,13.6,,,
3.4,,,2.75,4.25,,,,,,,,10.4,,,
6.6,,8.5,8.0,2.5,,,,,6.33,,23.1,17.1,,,
5.0,,6.0,4.75,5.75,,,,,5.5,,15.75,15.5,,,
3.2,4.25,,,,4.25,5.25,6.0,3.2,,5.17,,,13.75,,
2.8,6.75,,,,3.0,5.75,6.75,3.4,,5.17,,,15.5,,
4.8,7.5,,,,5.25,6.25,8.5,3.6,,6.67,,,19.0,,
5.2,8.0,,,,6.25,8.75,8.0,5.2,,7.67,,,23.0,,
2.2,2.75,,,,2.5,4.75,5.25,2.8,,4.17,,,10.0,,
4.6,6.5,,,,2.5,6.0,6.75,3.4,,5.08,,,15.0,,
3.6,4.25,,,,4.0,6.25,6.0,1.4,,5.42,,,14.5,,
2.0,6.5,,,,2.75,4.5,7.0,2.2,,4.75,,,13.75,,
2.2,5.75,,,,4.25,5.0,7.25,1.6,,5.5,,,15.0,,
4.6,5.5,,,,3.5,8.5,8.75,2.8,,6.92,,,17.5,,
2.2,6.5,,,,3.0,5.75,7.75,4.0,,5.5,,,15.25,,
1.8,3.25,,,,3.5,3.75,5.25,2.6,,4.17,,,10.5,,
3.6,5.0,,,,2.75,7.0,8.0,3.0,,5.92,,,14.75,,
4.2,5.0,,,,3.0,6.0,5.5,2.2,,4.83,,,14.0,,
3.6,3.75,,,,3.5,3.5,8.25,3.6,,5.08,,,10.75,,
3.4,7.25,,,,3.0,6.25,7.5,2.2,,5.58,,,16.5,,
2.0,6.0,,,,3.5,4.0,5.25,2.4,,4.25,,,13.5,,
2.6,6.5,,,,5.0,6.25,7.5,2.4,,6.25,,,17.75,,
3.0,3.75,,,,5.5,4.75,7.25,2.6,,5.83,,,14.0,,
3.6,5.75,,,,4.0,6.5,8.25,1.8,,6.25,,,16.25,,
6.6,6.25,,,,5.5,7.75,9.25,3.0,,7.5,,,19.5,,
4.2,7.5,,,,2.5,6.5,7.25,2.6,,5.42,,,16.5,,
6.0,7.0,,,,5.0,7.25,8.25,4.0,,6.83,,,19.25,17.0,
4.0,5.0,,,,5.25,5.75,6.75,2.8,,5.92,,,16.0,,
5.8,7.25,,,,4.25,6.5,9.0,3.0,,6.58,,,18.0,,
4.0,6.5,,,,3.25,4.75,7.25,2.0,,5.08,,,14.5,,
2.8,7.0,,,,4.25,6.0,6.75,2.6,,5.67,,,17.25,,
5.2,6.5,,,,2.75,5.75,7.0,2.2,,5.17,,,15.0,,
2.0,5.5,,,,2.5,4.25,5.25,3.2,,4.0,,,12.25,,
2.4,4.25,,,,2.75,4.75,4.25,2.4,,3.92,,,11.75,,
5.0,4.75,,,,2.75,4.25,7.5,1.2,,4.83,,,11.75,,
5.0,6.75,,,,2.5,6.75,9.25,1.8,,6.17,,,16.0,,
2.6,4.5,,,,2.75,5.5,5.0,1.4,,4.42,,,12.75,,
5.4,4.75,,,,6.0,8.0,9.25,5.0,,7.75,,,18.75,,
3.6,5.5,,,,3.5,6.5,7.0,3.8,,5.67,,,15.5,,
1.8,5.75,,,,2.75,7.25,7.5,2.0,,5.83,,,15.75,,
4.4,6.75,,,,4.75,7.75,8.25,3.4,,6.92,,,19.25,,
5.2,7.0,,,,3.75,7.25,8.0,4.0,,6.33,,,18.0,,
3.8,5.5,,,,5.0,6.75,7.75,2.4,,6.5,,,17.25,,
4.8,6.25,,,,4.5,6.0,5.75,1.8,,5.42,,,16.75,,
3.0,4.0,,,,3.5,6.0,7.0,3.0,,5.5,,,13.5,10.0,
3.6,5.25,,,,6.25,5.5,5.75,2.6,,5.83,,,17.0,,
4.6,5.75,,,,2.75,5.5,6.25,2.2,,4.83,,,14.0,,
1.6,2.5,,,,3.0,5.25,5.5,1.4,,4.58,,,10.75,,
3.6,5.0,,,,4.5,6.25,7.75,3.2,,6.17,,,15.75,,
2.6,4.5,,,,3.25,5.25,6.5,2.8,,5.0,,,13.0,,
2.0,2.25,,,,3.0,4.0,5.5,2.4,,4.17,,,9.25,,
4.0,4.75,5.25,4.75,5.25,,,,3.6,5.08,,14.0,14.0,,,12.85
2.8,5.5,,,,3.0,3.0,5.75,2.6,,3.92,,,11.5,,
5.0,7.75,,,,6.0,5.75,8.75,4.2,,6.83,,,19.5,,
4.4,6.5,,,,4.5,7.25,8.25,2.8,,6.67,,,18.25,,
3.8,5.5,,,,5.25,6.5,7.0,2.8,,6.25,,,17.25,,
4.4,6.5,,,,5.75,5.75,7.75,3.8,,6.42,,,18.0,,
3.0,4.5,,,,3.5,5.5,7.25,1.6,,5.42,,,13.5,,
2.8,6.25,,,,4.0,5.25,7.5,3.2,,5.58,,,15.5,,
2.8,4.5,,,,4.0,6.0,8.0,2.8,,6.0,,,14.5,,
3.0,5.0,,,,3.75,5.25,5.75,4.2,,4.92,,,14.0,,
3.2,5.5,,,,2.75,4.75,7.75,2.6,,5.08,,,13.0,,
4.4,6.25,,,,5.5,6.75,7.5,1.4,,6.58,,,18.5,,
3.4,5.5,,,,2.25,6.0,6.25,2.6,,4.83,,,13.75,,
3.2,5.0,,,,3.25,5.25,5.5,2.2,,4.67,,,13.5,,
5.2,5.5,6.25,5.75,4.0,,,,2.2,5.33,,17.2,14.95,,,13.65
5.6,8.25,,,,3.75,7.5,8.75,6.8,,6.67,,,19.5,,
4.2,5.5,,,,5.0,7.75,8.5,3.0,,7.08,,,18.25,,
5.6,4.75,5.75,5.75,3.0,,,,3.4,4.83,,17.1,14.35,,,14.75
5.2,6.25,,,,3.0,4.75,6.25,2.2,,4.67,,,14.0,,
2.6,7.0,,,,3.0,4.25,6.75,2.4,,4.67,,,14.25,12.0,
3.6,7.75,,,,3.75,5.5,8.25,5.2,,5.83,,,17.0,,
5.4,6.25,,,,3.25,5.75,8.0,1.6,,5.67,,,15.25,,
4.0,3.75,,,,3.25,5.0,5.5,1.2,,4.58,,,12.0,,
6.4,8.75,,,,2.0,5.75,8.5,4.6,,5.42,,,16.5,,
5.4,3.25,7.25,7.0,4.25,,,,3.6,6.17,,19.65,16.65,,,16.25
3.4,5.25,,,,6.75,7.25,7.75,4.4,,7.25,,,19.25,,
4.4,6.0,4.25,4.0,3.5,,,,3.0,3.92,,12.65,11.9,,,11.65
5.6,6.0,,,,5.5,7.0,6.5,2.6,,6.33,,,18.5,,
2.4,6.75,,,,2.75,4.0,6.25,4.0,,4.33,,,13.5,,
3.8,7.0,,,,3.75,6.5,8.0,2.8,,6.08,,,17.25,,
4.4,8.5,,,,6.25,8.5,8.75,3.4,,7.83,,,23.25,,
4.2,7.5,,,,3.5,4.75,8.0,3.0,,5.42,,,15.75,,
3.6,6.5,,,,3.75,5.75,6.5,2.4,,5.33,,,16.0,,
4.4,8.5,,,,5.0,7.5,7.5,4.2,,6.67,,,21.0,,
4.2,7.75,,,,4.5,5.0,7.75,2.8,,5.75,,,17.25,,
4.8,5.75,3.25,4.5,5.0,,,,2.4,4.25,,12.55,14.3,,,10.45
3.2,4.75,,,,4.0,6.5,5.5,2.4,,5.33,,,15.25,,
1.8,4.0,,,,2.0,2.75,5.0,1.8,,3.25,,,8.75,,
5.0,6.0,,,,5.75,5.5,9.0,3.0,,6.75,,,17.25,14.0,
4.6,6.75,,,,3.5,6.0,7.0,2.4,,5.5,,,16.25,,
4.4,7.25,,,,3.25,4.75,7.75,3.2,,5.25,,,15.25,,
3.4,6.25,,,,2.25,5.0,7.0,2.6,,4.75,,,13.5,,
3.6,7.0,,,,3.25,4.25,7.25,3.0,,4.92,,,14.5,,
3.4,4.75,,,,3.75,3.5,5.25,2.0,,4.17,,,12.0,,
3.8,5.5,,,,3.25,3.5,6.0,2.0,,4.25,,,12.25,,
5.0,5.75,4.25,3.0,4.75,,,,6.2,4.0,,12.25,12.75,,,15.45
4.8,6.25,,,,3.25,5.0,6.5,4.6,,4.92,,,14.5,,
2.2,4.5,,,,1.5,2.25,4.5,3.0,,2.75,,,8.25,,
4.8,6.5,,,,4.5,7.25,7.75,3.0,,6.5,,,18.25,,
3.6,5.75,,,,2.25,3.5,5.75,2.8,,3.83,,,11.5,,
5.4,6.5,,,,3.75,6.5,5.75,4.4,,5.33,,,16.75,,
3.6,5.0,,,,2.25,5.0,5.5,3.4,,4.25,,,12.25,12.0,
3.6,4.0,,,,2.5,2.5,6.0,2.2,,3.67,,,9.0,,
4.2,7.5,,,,3.0,5.0,7.0,3.4,,5.0,,,15.5,,
2.8,6.25,,,,4.25,5.25,7.5,2.4,,5.67,,,15.75,,
5.4,6.5,,,,4.25,6.25,8.5,4.8,,6.33,,,17.0,,
3.2,8.5,,,,5.0,4.25,7.5,3.0,,5.58,,,17.75,,
3.2,3.75,,,,2.75,5.0,5.25,2.2,,4.33,,,11.5,,
2.8,4.0,,,,3.75,4.5,5.25,2.0,,4.5,,,12.25,,
4.4,7.0,,,,3.75,6.0,7.0,3.4,,5.58,,,16.75,,
3.0,7.5,,,,2.75,4.75,7.0,3.2,,4.83,,,15.0,,
3.4,4.25,,,,4.0,5.0,7.0,3.8,,5.33,,,13.25,,
2.6,4.0,,,,3.25,5.75,7.5,3.4,,5.5,,,13.0,10.0,
5.2,6.5,2.5,2.5,4.5,,,,2.4,3.17,,10.2,12.2,,,10.1
6.6,7.5,4.0,5.5,3.5,,,,3.6,4.33,,16.1,15.6,,,14.2
5.2,5.75,4.75,4.5,4.75,,,,3.2,4.67,,14.45,14.45,,,13.15
3.8,6.5,,,,4.5,7.0,7.75,4.4,,6.42,,,18.0,,
4.4,4.75,,,,3.25,5.25,7.0,2.6,,5.17,,,13.25,,
3.0,6.5,,,,2.0,4.0,5.0,3.2,,3.67,,,12.5,,
2.8,3.75,,,,3.5,4.25,4.75,3.2,,4.17,,,11.5,,
2.8,2.75,,,,3.75,4.25,7.25,2.8,,5.08,,,10.75,,
4.6,4.5,,,,4.0,5.5,5.75,3.0,,5.08,,,14.0,,
3.8,7.0,,,,3.0,5.5,6.25,3.0,,4.92,,,15.5,,
2.0,5.0,,,,4.25,4.75,5.5,2.6,,4.83,,,14.0,,
2.8,5.75,,,,4.0,5.75,7.5,3.0,,5.75,,,15.5,,
5.0,7.0,,,,5.5,6.75,8.0,3.2,,6.75,,,19.25,,
1.4,2.75,,,,1.5,2.75,2.75,2.0,,2.33,,,7.0,,
4.2,5.0,,,,2.5,4.25,6.25,3.2,,4.33,,,11.75,,
2.6,5.75,,,,3.75,6.75,6.25,3.0,,5.58,,,16.25,,
2.8,6.0,,,,4.5,5.5,7.5,1.8,,5.83,,,16.0,,
2.6,4.0,,,,2.75,5.25,6.25,2.8,,4.75,,,12.0,,
4.4,6.25,,,,3.25,4.25,7.5,2.6,,5.0,,,13.75,,
4.8,5.5,,,,5.75,8.5,9.0,3.2,,7.75,,,19.75,,
4.0,3.75,,,,3.5,6.5,6.75,2.2,,5.58,,,13.75,,
1.6,6.0,,,,3.5,5.75,5.5,2.8,,4.92,,,15.25,,
5.2,7.25,,,,5.0,6.75,8.75,3.2,,6.83,,,19.0,,
3.6,6.25,,,,2.0,4.75,7.0,3.0,,4.58,,,13.0,,
3.8,7.25,,,,6.0,6.75,8.5,1.8,,7.08,,,20.0,,
4.0,7.75,,,,4.25,7.0,7.0,2.8,,6.08,,,19.0,,
5.0,7.75,,,,4.0,7.25,8.25,3.2,,6.5,,,19.0,,
3.8,6.5,,,,3.0,6.0,7.5,4.0,,5.5,,,15.5,,
2.4,5.0,,,,2.75,3.75,5.0,1.8,,3.83,,,11.5,,
2.4,5.5,,,,2.5,3.25,6.0,2.4,,3.92,,,11.25,,
3.8,4.0,3.75,3.5,4.25,,,,4.8,3.83,,11.05,11.55,,,12.35
3.4,3.0,,,,3.5,3.0,,,,,,,9.5,,
3.2,,,3.75,3.25,,,,,,,,10.2,,,
4.8,4.0,,,,4.5,,,,,,,,,,
6.0,,,6.0,6.5,,,,,,,,18.5,,,
3.6,6.5,,,,5.0,5.5,7.25,2.8,,5.92,,,17.0,,
4.4,3.0,,,,3.75,6.75,6.75,2.2,,5.75,,,13.5,,
3.4,5.5,,,,4.0,6.0,8.5,1.4,,6.17,,,15.5,,
2.6,2.75,,,,3.25,6.0,7.25,2.8,,5.5,,,12.0,,
2.8,5.25,,,,4.5,5.0,7.5,3.2,,5.67,,,14.75,,
3.2,5.25,,,,2.5,4.0,4.75,3.8,,3.75,,,11.75,,
4.2,5.5,,,,3.75,6.75,7.5,3.8,,6.0,,,16.0,,
3.0,6.0,,,,7.25,7.5,8.75,6.8,,7.83,,,20.75,,
6.0,7.75,,,,5.25,8.0,8.5,3.4,,7.25,,,21.0,,
5.4,6.25,,,,3.5,6.5,7.25,3.8,,5.75,,,16.25,,
2.8,5.75,,,,1.75,5.75,7.0,4.0,,4.83,,,13.25,,
6.6,7.25,,,,4.75,5.5,7.25,3.2,,5.83,,,17.5,,
2.4,5.5,,,,3.5,5.75,8.25,4.0,,5.83,,,14.75,,
4.8,6.25,,,,4.25,5.5,7.5,3.2,,5.75,,,16.0,,
3.4,3.25,,,,3.25,5.75,6.25,2.8,,5.08,,,12.25,,
3.6,5.0,,,,3.5,6.5,6.0,2.8,,5.33,,,15.0,,
2.8,4.75,,,,2.5,5.0,6.0,2.2,,4.5,,,12.25,,
4.0,6.75,,,,4.75,6.25,7.25,4.0,,6.08,,,17.75,,
4.2,6.5,,,,4.75,6.75,9.0,4.2,,6.83,,,18.0,,
3.6,2.5,,,,3.5,5.5,8.75,3.8,,5.92,,,11.5,,
3.0,3.75,,,,2.75,4.75,5.75,2.6,,4.42,,,11.25,,
3.0,3.75,,,,3.5,7.5,7.25,3.0,,6.08,,,14.75,,
1.8,3.5,,,,3.5,5.75,4.5,2.2,,4.58,,,12.75,,
6.2,7.25,,,,4.25,7.75,8.25,2.8,,6.75,,,19.25,,
5.0,7.25,,,,4.5,7.75,8.5,4.8,,6.92,,,19.5,,
3.0,4.5,,,,2.75,6.75,6.0,2.6,,5.17,,,14.0,,
1.6,5.75,,,,4.25,6.75,9.0,1.6,,6.67,,,16.75,,
3.2,3.75,,,,4.5,6.0,8.25,2.2,,6.25,,,14.25,,
2.2,6.0,,,,2.25,4.25,5.5,2.4,,4.0,,,12.5,,
5.2,6.75,,,,4.0,5.75,8.75,3.4,,6.17,,,16.5,,
4.6,7.0,,,,5.0,7.25,6.5,2.0,,6.25,,,19.25,,
2.8,4.0,,,,3.5,4.25,5.0,3.0,,4.25,,,11.75,,
2.2,3.25,,,,3.75,5.0,6.75,2.2,,5.17,,,12.0,,
3.8,3.5,,,,4.5,6.25,,,,,,,14.25,,
5.0,5.0,,,,3.5,4.25,,,,,,,12.75,,
1.6,4.25,,,,5.0,6.75,6.25,3.2,,6.0,,,16.0,,
5.4,5.75,,,,4.0,7.0,8.0,3.2,,6.33,,,16.75,,
3.2,5.0,,,,2.25,4.5,7.75,2.8,,4.83,,,11.75,11.0,
5.2,6.5,,,,4.0,5.5,6.25,3.0,,5.25,,,16.0,,
3.6,2.75,,,,2.75,5.5,7.0,3.0,,5.08,,,11.0,,
4.0,7.0,,,,4.25,5.75,8.0,3.4,,6.0,,,17.0,,
4.0,7.25,,,,4.0,5.0,7.5,3.4,,5.5,,,16.25,,
3.2,5.25,,,,3.25,4.0,6.25,2.8,,4.5,,,12.5,,
2.6,5.0,,,,4.0,5.0,5.5,3.4,,4.83,,,14.0,11.0,
4.6,5.0,,,,4.0,5.25,6.25,3.6,,5.17,,,14.25,,
3.0,4.5,,,,3.75,5.0,5.0,3.2,,4.58,,,13.25,,
3.6,3.75,,,,4.75,7.5,7.75,2.8,,6.67,,,16.0,,
3.4,2.25,,,,2.0,4.0,6.5,2.8,,4.17,,,8.25,,
5.6,8.25,,,,3.75,5.75,7.5,4.4,,5.67,,,17.75,,
3.2,3.5,,,,3.25,4.5,6.0,2.4,,4.58,,,11.25,,
4.0,5.75,,,,5.5,6.25,8.0,3.4,,6.58,,,17.5,,
4.2,4.25,,,,2.75,5.25,6.5,2.2,,4.83,,,12.25,,
,7.75,,,,9.25,8.0,,,,,,,25.0,,
2.2,5.0,,,,3.25,6.25,,,,,,,14.5,,
2.6,1.25,,,,1.5,3.5,,,,,,,6.25,,
1.4,4.0,,,,3.25,4.25,,,,,,,11.5,,
,6.25,,,,3.25,5.25,,,,,,,14.75,,
7.2,,8.0,6.25,,,,,,,,21.45,,,,
5.2,,4.25,3.5,,,,,3.4,,,12.95,,,,12.85
7.0,,6.75,7.5,,,,,,,,21.25,,,,
5.6,,3.5,4.0,,,,,,,,13.1,,,,
4.8,5.0,,,,3.0,4.25,7.5,2.2,,4.92,,,12.25,12.0,
4.4,4.25,,,,2.25,3.0,6.25,2.8,,3.83,,,9.5,,
2.8,4.0,,,,1.5,4.75,4.75,3.4,,3.67,,,10.25,,
4.4,6.75,,,,3.5,8.0,7.25,2.4,,6.25,,,18.25,,
6.0,7.5,,,,5.25,7.0,8.0,2.4,,6.75,,,19.75,,
1.8,3.5,,,,3.5,4.75,5.0,3.2,,4.42,,,11.75,,
3.2,4.25,,,,2.5,5.5,7.25,3.8,,5.08,,,12.25,,
3.8,5.0,,,,4.5,5.75,8.75,2.4,,6.33,,,15.25,,
4.4,6.5,,,,3.0,6.75,7.0,5.8,,5.58,,,16.25,,
3.0,3.75,,,,4.0,3.5,5.25,2.8,,4.25,,,11.25,,
2.4,5.0,,,,4.0,4.5,6.25,2.4,,4.92,,,13.5,,
5.0,6.0,,,,3.75,5.0,7.25,2.2,,5.33,,,14.75,,
4.0,6.0,,,,4.0,5.5,6.75,4.2,,5.42,,,15.5,,
2.6,5.75,,,,5.75,7.75,8.0,2.6,,7.17,,,19.25,,
2.2,3.75,,,,4.25,2.25,4.25,2.6,,3.58,,,10.25,,
4.8,3.75,,,,4.25,4.5,7.0,2.6,,5.25,,,12.5,,
4.0,6.5,,,,4.25,7.0,7.25,4.0,,6.17,,,17.75,,
2.0,5.25,,,,2.75,5.0,6.25,3.0,,4.67,,,13.0,,
3.2,4.25,,,,3.25,5.75,7.75,2.0,,5.58,,,13.25,,
2.6,4.0,,,,2.75,3.75,6.25,3.0,,4.25,,,10.5,,
3.8,7.0,,,,4.0,7.25,8.0,2.8,,6.42,,,18.25,,
2.6,7.0,,,,5.5,6.0,7.5,3.2,,6.33,,,18.5,,
3.0,3.5,,,,3.25,4.75,4.25,3.4,,4.08,,,11.5,,
5.2,6.0,,,,3.5,6.0,5.75,2.6,,5.08,,,15.5,,
4.4,6.0,,,,3.5,7.5,8.0,4.6,,6.33,,,17.0,15.0,
3.0,5.75,,,,3.25,6.25,7.25,2.6,,5.58,,,15.25,,
3.2,6.5,,,,2.0,6.25,7.75,2.4,,5.33,,,14.75,,
3.8,6.25,,,,3.75,5.75,6.75,2.8,,5.42,,,15.75,,
6.4,6.0,5.5,6.0,5.0,,,,5.0,5.5,,17.9,17.4,,,16.9
4.0,6.5,,,,3.0,6.25,6.25,3.2,,5.17,,,15.75,,
3.8,6.5,,,,5.0,5.0,7.0,3.0,,5.67,,,16.5,,
3.2,6.0,,,,2.5,5.75,7.0,2.4,,5.08,,,14.25,,
5.2,8.0,,,,7.25,7.75,7.75,3.6,,7.58,,,23.0,,
2.8,3.25,,,,3.75,5.75,6.5,3.6,,5.33,,,12.75,,
4.0,6.25,,,,4.0,6.0,8.75,3.4,,6.25,,,16.25,,
5.4,6.5,,,,4.5,6.75,8.5,4.4,,6.58,,,17.75,,
6.6,3.25,6.0,3.25,2.5,,,,4.2,3.92,,15.85,12.35,,,16.8
3.2,3.25,,,,3.5,6.0,5.5,3.2,,5.0,,,12.75,,
2.8,3.5,,,,2.75,4.0,6.5,2.0,,4.42,,,10.25,,
2.2,5.25,,,,3.25,2.5,7.0,2.0,,4.25,,,11.0,,
3.0,3.5,,,,1.25,3.25,5.5,2.8,,3.33,,,8.0,,
4.8,5.0,,,,3.5,7.0,7.75,3.8,,6.08,,,15.5,,
3.0,5.0,,,,2.5,5.5,7.5,3.2,,5.17,,,13.0,,
4.4,6.75,,,,3.75,6.75,7.5,2.6,,6.0,,,17.25,,
3.8,7.0,,,,3.75,7.0,7.25,2.8,,6.0,,,17.75,,
2.2,4.25,,,,4.5,6.5,8.5,1.8,,6.5,,,15.25,,
2.4,7.25,,,,3.25,6.25,6.75,2.0,,5.42,,,16.75,,
5.2,6.75,4.5,4.0,3.0,,,,3.6,3.83,,13.7,12.2,,,13.3
4.2,8.0,,,,3.0,5.5,7.5,2.0,,5.33,,,16.5,,
5.4,7.75,,,,4.75,8.25,8.0,3.8,,7.0,,,20.75,,
3.2,6.25,,,,4.5,7.75,8.5,2.8,,6.92,,,18.5,,
5.4,8.0,,,,4.0,6.75,8.25,3.2,,6.33,,,18.75,,
4.4,7.75,,,,4.25,5.5,7.5,3.6,,5.75,,,17.5,,
4.4,6.25,,,,2.0,3.0,5.0,2.0,,3.33,,,11.25,,
2.8,6.25,,,,4.5,5.5,7.0,2.4,,5.67,,,16.25,,
2.6,6.75,,,,3.75,6.0,8.25,3.2,,6.0,,,16.5,,
4.8,5.25,,,,2.25,4.75,6.5,3.2,,4.5,,,12.25,,
3.8,4.5,,,,2.5,4.0,5.25,1.8,,3.92,,,11.0,,
3.0,3.75,,,,3.0,4.75,6.25,2.8,,4.67,,,11.5,,
5.8,5.5,,,,4.0,7.0,7.25,2.6,,6.08,,,16.5,,
1.6,3.25,,,,3.75,4.5,5.75,3.2,,4.67,,,11.5,,
3.8,3.75,,,,2.75,4.75,7.25,2.6,,4.92,,,11.25,,
3.8,4.5,,,,3.5,5.0,6.75,2.0,,5.08,,,13.0,,
4.8,8.5,,,,7.5,8.75,8.25,4.6,,8.17,,,24.75,,
2.6,3.75,,,,3.5,3.5,6.25,1.6,,4.42,,,10.75,,
3.0,3.75,,,,4.25,7.5,8.0,2.2,,6.58,,,15.5,,
4.8,7.5,,,,3.75,7.5,7.5,5.0,,6.25,,,18.75,,
4.2,7.5,,,,4.0,4.75,7.75,3.8,,5.5,,,16.25,,
4.6,5.75,,,,4.0,6.0,6.5,3.6,,5.5,,,15.75,,
3.4,4.75,,,,2.75,4.5,6.75,3.0,,4.67,,,12.0,,
6.2,7.0,5.25,5.0,3.75,,,,4.6,4.67,,16.45,14.95,,,16.05
3.8,5.0,,,,3.25,3.25,6.75,2.4,,4.42,,,11.5,,
4.8,7.75,,,,4.25,6.0,7.5,3.4,,5.92,,,18.0,,
3.2,5.5,,,,3.75,5.75,6.25,2.8,,5.25,,,15.0,,
5.0,7.0,,,,4.75,7.0,8.75,4.4,,6.83,,,18.75,,
2.2,4.25,,,,2.5,5.25,6.75,2.8,,4.83,,,12.0,,
3.4,5.75,,,,3.0,5.5,7.0,4.0,,5.17,,,14.25,,
2.0,3.0,,,,2.75,5.0,6.0,1.6,,4.58,,,10.75,,
3.6,3.75,,,,3.5,5.5,7.75,4.0,,5.58,,,12.75,,
2.8,6.0,,,,3.25,4.75,8.0,2.6,,5.33,,,14.0,,
2.8,6.5,,,,3.5,5.25,7.75,4.4,,5.5,,,15.25,,
4.6,6.0,,,,4.5,6.25,8.0,3.8,,6.25,,,16.75,,
3.4,5.0,,,,4.0,5.75,7.0,3.0,,5.58,,,14.75,,
2.8,4.0,,,,3.0,4.5,7.75,3.4,,5.08,,,11.5,,
3.8,5.0,,,,4.5,5.0,6.75,3.0,,5.42,,,14.5,,
3.4,4.75,,,,2.75,6.0,7.25,3.2,,5.33,,,13.5,,
2.8,5.5,,,,3.75,5.0,8.0,3.6,,5.58,,,14.25,,
4.0,7.0,,,,5.25,7.0,9.0,1.8,,7.08,,,19.25,,
3.6,5.25,,,,3.25,5.0,7.75,3.0,,5.33,,,13.5,,
5.6,7.5,4.25,4.5,6.25,,,,2.4,5.0,,14.35,16.35,,,12.25
6.2,6.0,5.0,3.0,4.75,,,,8.8,4.25,,14.2,13.95,,21.0,20.0
5.8,6.0,6.25,4.0,5.5,,,,4.0,5.25,,16.05,15.3,,,16.05
5.0,7.5,3.0,3.75,8.25,,,,2.6,5.0,,11.75,17.0,,,10.6
6.6,4.5,3.25,4.5,5.0,,,,3.6,4.25,,14.35,16.1,,,13.45
5.4,5.25,,,,3.0,5.5,6.5,2.2,,5.0,,,13.75,,
3.2,5.0,,,,2.5,5.25,6.0,2.2,,4.58,,,12.75,,
1.8,6.25,,,,5.25,5.25,6.0,2.0,,5.5,,,16.75,,
4.6,7.25,,,,2.25,5.75,8.25,3.2,,5.42,,,15.25,,
2.6,2.5,,,,3.25,2.75,4.5,1.6,,3.5,,,8.5,,
3.0,5.25,,,,3.25,4.0,6.75,2.2,,4.67,,,12.5,,
6.6,8.5,,,,3.75,4.75,7.75,5.4,,5.42,,,17.0,,
5.4,6.0,,,,3.25,7.25,9.5,5.8,,6.67,,,16.5,,
5.2,7.0,,,,2.75,5.0,8.5,2.4,,5.42,,,14.75,,
5.2,8.5,,,,6.5,7.0,6.25,4.0,,6.58,,,22.0,,
6.0,7.25,,,,4.5,6.75,7.5,3.6,,6.25,,,18.5,,
4.4,6.25,,,,3.75,7.0,8.0,2.4,,6.25,,,17.0,,
3.0,5.5,,,,3.5,3.75,7.25,2.6,,4.83,,,12.75,,
4.2,7.5,,,,4.0,7.0,7.75,4.0,,6.25,,,18.5,,
4.8,7.0,,,,3.75,6.25,6.75,3.2,,5.58,,,17.0,15.0,
5.8,7.5,,,,5.75,8.75,9.25,4.4,,7.92,,,22.0,,
3.6,6.0,,,,3.5,7.75,9.0,1.6,,6.75,,,17.25,,
4.0,5.5,,,,4.25,5.75,6.25,2.0,,5.42,,,15.5,,
5.2,7.0,,,,4.0,5.25,7.75,2.8,,5.67,,,16.25,15.0,
6.0,5.25,,,,4.5,7.0,8.25,4.8,,6.58,,,16.75,,
2.8,3.25,,,,2.75,4.25,7.0,1.6,,4.67,,,10.25,,
3.8,6.0,,,,3.25,3.75,6.0,1.6,,4.33,,,13.0,,
4.0,3.0,,,,4.5,5.5,6.25,4.0,,5.42,,,13.0,11.0,
5.0,4.0,4.0,4.25,4.75,,,,3.6,4.33,,13.25,14.0,,,12.6
3.6,6.0,,,,4.5,6.0,7.25,4.2,,5.92,,,16.5,,
3.0,4.75,,,,1.5,4.25,4.75,2.0,,3.5,,,10.5,,
3.2,3.25,,,,1.75,3.75,4.25,1.6,,3.25,,,8.75,,
1.6,6.5,,,,3.25,7.25,6.75,2.4,,5.75,,,17.0,,
3.4,6.0,,,,3.25,5.5,6.25,4.6,,5.0,,,14.75,14.0,
3.0,4.5,,,,1.75,4.0,6.0,2.0,,3.92,,,10.25,,
4.0,6.5,,,,6.0,6.25,8.75,3.2,,7.0,,,18.75,,
2.2,3.5,,,,2.5,4.5,5.75,3.2,,4.25,,,10.5,,
3.8,5.0,,,,5.25,7.25,8.5,2.6,,7.0,,,17.5,,
2.2,5.0,,,,2.75,4.0,6.25,2.6,,4.33,,,11.75,,
4.4,3.5,,,,2.5,4.25,5.25,2.4,,4.0,,,10.25,,
4.2,6.0,,,,5.0,5.75,7.75,2.4,,6.17,,,16.75,,
3.4,5.75,,,,3.25,7.75,7.75,2.4,,6.25,,,16.75,,
4.0,6.0,,,,2.75,5.0,6.75,4.2,,4.83,,,13.75,,
7.4,7.25,6.0,5.5,5.25,,,,3.4,5.58,,18.9,18.15,,,16.8
2.6,5.0,,,,3.25,6.25,6.5,2.0,,5.33,,,14.5,,
4.0,4.75,,,,1.75,5.25,6.5,3.0,,4.5,,,11.75,,
2.4,4.25,,,,1.75,4.25,4.5,2.0,,3.5,,,10.25,,
6.8,6.5,6.5,6.5,6.0,,,,4.6,6.33,,19.8,19.3,,,17.9
3.4,6.75,,,,5.0,7.0,9.0,4.4,,7.0,,,18.75,,
4.4,5.25,,,,5.75,9.0,9.0,2.2,,7.92,,,20.0,,
5.8,6.0,3.0,4.5,6.0,,,,3.2,4.5,,13.3,16.3,,15.0,12.0
6.6,7.0,6.25,6.25,6.5,,,,4.0,6.33,,19.1,19.35,,,16.85
6.0,6.75,4.75,6.5,4.5,,,,3.4,5.25,,17.25,17.0,,,14.15
3.2,7.25,,,,4.25,7.5,6.75,3.0,,6.17,,,19.0,,
4.8,7.0,,,,4.0,5.75,8.5,4.0,,6.08,,,16.75,,
2.6,6.75,,,,5.75,6.25,8.5,1.8,,6.83,,,18.75,,
2.8,6.0,,,,4.25,5.75,8.25,2.8,,6.08,,,16.0,,
3.0,4.0,,,,3.0,5.0,6.75,2.0,,4.92,,,12.0,9.0,
4.6,5.0,,,,2.75,5.5,7.75,2.4,,5.33,,,13.25,12.0,
2.4,4.25,,,,3.25,4.75,5.25,2.0,,4.42,,,12.25,,
1.8,5.25,,,,3.25,5.0,7.25,2.0,,5.17,,,13.5,,
5.8,6.0,6.0,6.75,5.25,,,,3.6,6.0,,18.55,17.8,,,15.4
5.8,6.0,4.0,3.5,3.5,,,,2.0,3.67,,13.3,12.8,,,11.8
4.6,5.75,4.75,3.75,5.75,,,,3.2,4.75,,13.1,14.1,,,12.55
2.0,3.75,,,,1.0,3.25,4.25,3.0,,2.83,,,8.0,,
3.2,2.5,,,,5.25,5.5,5.75,3.2,,5.5,,,13.25,,
2.6,5.75,,,,5.25,6.75,7.5,1.8,,6.5,,,17.75,,
2.8,4.0,,,,2.25,5.0,6.25,2.4,,4.5,,,11.25,,
3.4,5.5,,,,3.25,5.25,6.25,3.2,,4.92,,,14.0,,
3.6,6.5,,,,3.0,6.0,7.75,1.6,,5.58,,,15.5,,
2.6,3.75,,,,3.0,4.0,4.5,2.8,,3.83,,,10.75,,
2.4,6.0,,,,2.0,5.0,6.0,2.4,,4.33,,,13.0,,
5.2,3.25,,,,3.5,7.0,7.75,3.8,,6.08,,,13.75,,
6.8,6.5,,,,3.75,6.25,8.75,3.4,,6.25,,,16.5,,
3.6,7.0,,,,4.25,5.5,7.75,3.8,,5.83,,,16.75,,
4.2,5.0,,,,3.0,5.5,6.75,2.8,,5.08,,,13.5,12.0,
3.6,6.0,,,,4.75,7.0,6.75,2.6,,6.17,,,17.75,,
1.4,5.25,,,,3.0,3.5,7.5,3.4,,4.67,,,11.75,,
3.0,5.5,,,,3.25,3.5,8.0,2.0,,4.92,,,12.25,,
3.0,5.25,,,,4.0,4.75,7.0,2.6,,5.25,,,14.0,,
6.2,5.75,,,,3.25,6.25,6.5,1.6,,5.33,,,15.25,,
3.2,4.25,,,,2.75,6.5,8.5,4.8,,5.92,,,13.5,,
2.0,2.25,,,,2.25,5.75,6.0,1.2,,4.67,,,10.25,,
2.2,3.5,,,,2.0,6.0,6.25,2.8,,4.75,,,11.5,,
2.8,3.25,,,,2.25,4.25,5.0,1.4,,3.83,,,9.75,,
3.6,7.0,,,,5.75,7.5,8.25,2.8,,7.17,,,20.25,,
4.2,6.75,,,,4.5,7.25,7.25,3.6,,6.33,,,18.5,,
2.4,4.25,,,,2.5,5.5,5.25,2.2,,4.42,,,12.25,,
4.2,8.25,,,,8.25,8.25,8.25,5.2,,8.25,,,24.75,,
3.0,6.0,,,,3.5,5.0,6.75,3.8,,5.08,,,14.5,,
5.0,7.75,,,,5.0,7.0,8.0,3.0,,6.67,,,19.75,,
3.0,3.5,,,,1.5,3.5,5.25,2.2,,3.42,,,8.5,,
4.6,7.0,,,,5.0,5.0,8.0,2.0,,6.0,,,17.0,,
2.6,6.0,,,,4.5,5.75,6.25,3.2,,5.5,,,16.25,,
3.2,4.0,,,,3.0,4.25,5.75,3.0,,4.33,,,11.25,,
3.0,3.5,,,,5.25,6.0,8.0,1.8,,6.42,,,14.75,,
4.6,8.5,,,,5.0,8.25,8.25,3.6,,7.17,,,21.75,,
4.8,7.5,,,,3.0,5.75,7.5,2.0,,5.42,,,16.25,,
2.8,4.75,,,,5.0,6.25,7.0,3.4,,6.08,,,16.0,,
2.2,4.25,,,,2.25,4.75,4.5,1.6,,3.83,,,11.25,,
4.0,6.0,,,,2.5,6.5,7.75,3.4,,5.58,,,15.0,,
3.8,5.25,,,,4.75,5.75,7.25,4.4,,5.92,,,15.75,,
4.4,7.0,,,,5.0,7.25,8.25,2.6,,6.83,,,19.25,14.0,
2.6,6.25,,,,3.0,6.5,5.0,3.4,,4.83,,,15.75,,
5.6,7.25,,,,4.25,7.25,8.75,4.6,,6.75,,,18.75,,
4.4,7.25,,,,3.0,4.5,6.25,2.4,,4.58,,,14.75,,
4.6,7.5,,,,4.0,7.25,8.75,4.6,,6.67,,,18.75,,
4.8,6.25,,,,4.25,5.0,7.5,2.4,,5.58,,,15.5,,
4.6,6.0,,,,5.75,6.0,8.0,4.4,,6.58,,,17.75,15.0,
6.6,,,8.0,8.5,,,,,,,,23.1,,,
6.0,,,7.0,6.75,,,,,,,,19.75,,,
2.8,5.5,3.0,2.75,,4.25,5.5,6.0,2.8,,5.25,8.55,,15.25,,8.6
2.6,3.0,,,,2.75,3.75,,,,,,,9.5,,
4.0,3.75,,,,4.25,4.75,4.75,3.4,,4.58,,,12.75,,
,7.5,,,,,,,,,,,,,,
3.2,3.5,,,,2.5,3.75,,,,,,,9.75,,
,6.0,,,,7.75,8.0,,,,,,,21.75,,
2.6,3.75,,,,2.75,3.75,,,,,,,10.25,,
4.2,3.5,,,,3.0,6.0,4.25,3.0,,4.42,,,12.5,,
3.4,4.5,,,,3.0,4.75,6.0,2.6,,4.58,,,12.25,,
5.4,6.5,,,,5.25,,,,,,,,,,
6.6,,6.0,7.5,,,,,,,,20.1,,,,
6.4,,6.25,7.75,,,,,,,,20.4,,,,
6.0,5.75,,,,6.25,7.25,7.75,4.0,,7.08,,,19.25,,
3.0,5.0,,,,5.0,5.25,6.25,2.0,,5.5,,,15.25,10.0,
2.4,3.75,,,,3.0,3.5,4.25,3.4,,3.58,,,10.25,,
4.0,4.75,,,,4.0,6.25,8.75,2.4,,6.33,,,15.0,,
3.2,5.0,,,,3.5,5.25,6.0,3.4,,4.92,,,13.75,,
4.0,4.25,,,,4.25,6.0,7.0,3.6,,5.75,,,14.5,,
3.0,6.5,,,,4.75,4.5,7.0,3.0,,5.42,,,15.75,,
2.4,7.25,,,,7.0,6.0,8.5,3.2,,7.17,,,20.25,,
5.0,7.75,,,,3.5,7.0,7.75,3.8,,6.08,,,18.25,,
3.0,4.0,,,,3.25,4.75,6.5,3.0,,4.83,,,12.0,10.0,
4.2,7.75,,,,6.0,7.0,6.5,3.2,,6.5,,,20.75,,
3.2,4.0,,,,4.25,5.0,7.25,2.8,,5.5,,,13.25,10.0,
3.6,5.5,,,,2.5,3.0,4.0,3.0,,3.17,,,11.0,,
3.8,5.0,,,,3.25,4.5,5.25,1.4,,4.33,,,12.75,,
3.6,5.75,,,,4.5,5.75,9.0,4.0,,6.42,,,16.0,,
6.2,7.5,,,,4.0,5.25,7.25,2.0,,5.5,,,16.75,,
4.0,6.25,,,,3.75,6.5,6.75,2.8,,5.67,,,16.5,,
5.4,7.5,,,,6.5,5.0,7.75,2.4,,6.42,,,19.0,,
4.2,6.75,,,,4.25,7.25,6.5,2.2,,6.0,,,18.25,,
4.6,8.5,,,,5.5,6.75,8.75,3.2,,7.0,,,20.75,,
2.8,7.0,,,,3.5,5.25,6.25,3.4,,5.0,,,15.75,,
4.4,6.5,,,,3.0,5.25,6.75,2.6,,5.0,,,14.75,,
3.0,5.5,,,,3.75,6.0,7.0,2.4,,5.58,,,15.25,,
2.4,5.75,,,,4.25,4.0,,,,,,,14.0,,
,7.0,,,,6.5,7.0,,,,,,,20.5,,
5.6,,4.5,5.5,,,,,,,,15.6,,,,
5.8,,5.75,6.5,,,,,,,,18.05,,,,
5.6,,4.25,4.5,,,,,,,,14.35,,,,
5.6,6.25,4.0,3.25,4.0,,,,3.4,3.75,,12.85,12.85,,,13.0
4.2,8.25,,,,5.0,6.0,9.5,3.8,,6.83,,,19.25,,
4.8,5.0,4.75,2.75,5.0,,,,4.4,4.17,,12.3,12.55,,,13.95
2.4,2.75,,,,4.25,4.5,6.5,1.8,,5.08,,,11.5,,
2.6,7.5,,,,4.0,7.0,7.0,3.8,,6.0,,,18.5,,
4.2,8.75,,,,5.0,7.0,7.75,5.0,,6.58,,,20.75,,
4.4,6.75,,,,3.5,5.75,8.0,3.6,,5.75,,,16.0,,
5.0,4.5,,,,2.5,5.25,7.5,3.8,,5.08,,,12.25,,
3.2,6.25,,,,3.5,6.0,7.5,1.8,,5.67,,,15.75,,
3.8,7.0,,,,2.75,4.75,4.5,3.4,,4.0,,,14.5,,
3.8,5.0,,,,2.75,5.75,5.5,2.2,,4.67,,,13.5,11.0,
4.0,5.25,,,,2.75,6.75,7.75,3.4,,5.75,,,14.75,,
4.2,5.25,,,,6.5,7.0,7.5,3.4,,7.0,,,18.75,,
3.8,7.25,,,,4.75,6.25,9.25,5.4,,6.75,,,18.25,,
2.2,5.75,,,,3.25,5.75,6.75,2.2,,5.25,,,14.75,,
4.2,5.0,,,,2.5,5.75,6.75,3.8,,5.0,,,13.25,13.0,
3.2,4.75,,,,3.5,5.5,6.25,2.6,,5.08,,,13.75,,
3.2,5.0,,,,3.0,3.5,5.25,2.4,,3.92,,,11.5,,
4.8,3.5,,,,2.5,4.0,5.5,2.8,,4.0,,,10.0,,
3.8,7.5,,,,3.5,5.75,9.0,4.4,,6.08,,,16.75,,
2.0,3.75,,,,3.25,4.5,4.0,1.8,,3.92,,,11.5,,
3.4,4.0,,,,3.75,5.0,6.75,3.0,,5.17,,,12.75,,
5.4,9.0,,,,7.0,7.75,8.5,3.2,,7.75,,,23.75,,
3.2,2.5,,,,4.25,5.25,5.25,3.4,,4.92,,,12.0,,
3.0,4.0,,,,1.75,5.0,5.75,2.8,,4.17,,,10.75,,
3.0,7.0,,,,4.25,6.75,6.75,4.0,,5.92,,,18.0,14.0,
2.8,3.5,,,,3.25,6.25,5.5,2.8,,5.0,,,13.0,,
4.6,6.75,,,,6.25,6.75,8.25,2.6,,7.08,,,19.75,,
3.6,6.5,,,,3.25,5.5,7.0,3.0,,5.25,,,15.25,,
2.2,6.0,,,,2.5,4.25,4.25,3.0,,3.67,,,12.75,,
4.6,4.25,,,,3.75,5.0,5.5,3.4,,4.75,,,13.0,,
7.6,6.25,7.5,3.5,3.75,,,,7.8,4.92,,18.6,14.85,,,22.9
3.2,8.75,,,,2.75,7.25,7.5,6.0,,5.83,,,18.75,,
6.6,5.0,7.0,7.75,3.5,,,,1.8,6.08,,21.35,17.85,,,15.4
5.0,6.5,,,,5.5,9.25,8.0,4.4,,7.58,,,21.25,,
8.4,9.0,5.0,3.75,5.75,,,,9.2,4.83,,17.15,17.9,,,22.6
4.6,9.0,,,,8.5,9.5,6.75,3.6,,8.25,,,27.0,,
7.6,5.0,8.5,4.0,5.0,,,,6.6,5.83,,20.1,16.6,,,22.7
6.6,4.5,4.5,3.75,3.75,,,,3.8,4.0,,14.85,14.1,,,14.9
5.0,7.75,,,,3.75,8.5,8.25,3.8,,6.83,,,20.0,,
7.6,5.75,4.0,7.25,6.75,,,,5.2,6.0,,18.85,21.6,,,16.8
7.0,8.25,,,,4.5,8.25,7.75,7.8,,6.83,,,21.0,,
7.6,3.75,6.25,7.0,7.0,,,,4.4,6.75,,20.85,21.6,,,18.25
7.6,4.75,6.75,7.5,3.5,,,,4.4,5.92,,21.85,18.6,,,18.75
4.0,7.5,,,,6.75,8.0,7.0,4.2,,7.25,,,22.25,,
5.6,3.75,7.0,4.0,4.5,,,,6.2,5.17,,16.6,14.1,,,18.8
7.0,3.5,3.75,6.75,6.25,,,,3.6,5.58,,17.5,20.0,,,14.35
7.8,6.5,5.75,3.25,3.0,,,,7.2,4.0,,16.8,14.05,,,20.75
3.6,2.5,,,,4.0,4.5,7.0,3.4,,5.17,,,11.0,,
5.6,8.5,,,,7.0,6.25,9.5,5.6,,7.58,,,21.75,,
4.8,4.5,,,,6.0,6.5,7.75,3.0,,6.75,,,17.0,,
6.0,8.0,,,,5.0,5.75,8.0,3.4,,6.25,,,18.75,,
3.4,5.25,,,,3.5,5.25,5.0,3.8,,4.58,,,14.0,,
6.2,5.5,6.25,5.25,5.5,,,,4.6,5.67,,17.7,16.95,,,17.05
4.8,8.5,,,,5.5,6.0,9.0,2.2,,6.83,,,20.0,,
2.6,4.5,,,,3.25,4.75,4.75,3.0,,4.25,,,12.5,,
4.6,4.0,,,,3.5,5.75,7.75,5.0,,5.67,,,13.25,,
4.6,5.25,,,,4.5,5.25,8.0,3.2,,5.92,,,15.0,,
4.4,6.5,,,,2.75,5.5,7.25,2.8,,5.17,,,14.75,,
5.6,7.5,6.0,7.0,6.25,,,,3.2,6.42,,18.6,18.85,,,14.8
4.2,6.0,,,,4.5,5.25,6.25,3.0,,5.33,,,15.75,,
4.4,6.75,,,,3.0,5.0,7.25,2.6,,5.08,,,14.75,,
4.4,6.25,5.75,3.25,3.75,,,,3.0,4.25,,13.4,11.4,,,13.15
4.4,6.0,,,,3.0,4.75,7.25,3.4,,5.0,,,13.75,,
2.6,5.0,,,,4.0,3.5,5.75,3.2,,4.42,,,12.5,,
2.8,5.25,,,,2.0,3.0,4.75,2.4,,3.25,,,10.25,,
2.4,3.75,,,,3.25,5.75,5.25,2.8,,4.75,,,12.75,,
4.8,7.0,,,,4.75,7.0,8.0,3.0,,6.58,,,18.75,,
3.8,4.5,,,,2.75,5.25,6.25,2.6,,4.75,,,12.5,,
2.8,5.0,,,,2.75,4.25,6.5,2.0,,4.5,,,12.0,,
4.6,6.0,,,,3.5,5.25,6.75,2.4,,5.17,,,14.75,13.0,
4.0,7.0,,,,3.75,7.5,7.5,2.8,,6.25,,,18.25,,
2.8,7.5,,,,5.25,7.75,7.75,2.6,,6.92,,,20.5,,
5.0,7.0,,,,5.75,7.75,8.5,3.2,,7.33,,,20.5,,
3.0,5.25,,,,3.75,5.25,7.0,3.2,,5.33,,,14.25,,
2.2,3.75,,,,4.0,4.25,5.5,2.8,,4.58,,,12.0,,
2.4,4.5,,,,4.5,6.75,7.25,2.2,,6.17,,,15.75,,
4.0,2.75,,,,2.5,5.5,6.5,2.8,,4.83,,,10.75,,
5.8,5.75,,,,6.0,7.0,7.75,3.0,,6.92,,,18.75,,
4.0,7.5,,,,4.0,6.0,7.75,2.8,,5.92,,,17.5,,
3.4,7.0,,,,3.75,6.25,7.25,3.2,,5.75,,,17.0,,
1.8,3.25,,,,3.0,4.75,4.75,2.8,,4.17,,,11.0,,
2.6,5.5,,,,2.0,4.25,6.0,3.0,,4.08,,,11.75,,
5.6,8.0,,,,4.0,5.5,7.75,4.0,,5.75,,,17.5,,
3.6,3.75,,,,2.75,5.0,3.75,3.6,,3.83,,,11.5,,
2.4,5.25,,,,4.25,5.25,8.25,1.8,,5.92,,,14.75,,
3.2,5.5,,,,1.75,6.0,6.25,4.0,,4.67,,,13.25,,
6.4,5.75,,,,5.0,8.25,7.75,3.8,,7.0,,,19.0,,
4.4,7.0,2.25,3.0,4.0,,,,3.8,3.08,,9.65,11.4,,,10.45
2.8,4.5,,,,2.75,3.5,6.0,2.0,,4.08,,,10.75,,
5.0,5.25,,,,3.0,6.25,7.0,3.6,,5.42,,,14.5,,
4.2,7.0,4.0,5.5,4.0,,,,2.8,4.5,,13.7,13.7,,14.0,11.0
2.2,3.25,,,,2.75,4.5,5.75,2.6,,4.33,,,10.5,,
1.2,7.0,,,,1.75,5.0,3.75,2.8,,3.5,,,13.75,11.0,
2.0,3.5,,,,3.75,6.75,7.25,2.6,,5.92,,,14.0,,
3.6,3.25,,,,2.0,3.5,6.25,3.8,,3.92,,,8.75,,
3.2,4.5,,,,3.75,5.5,6.25,3.4,,5.17,,,13.75,,
3.8,6.25,,,,3.5,5.5,8.25,3.4,,5.75,,,15.25,,
2.6,6.25,,,,5.25,7.0,8.25,2.8,,6.83,,,18.5,,
3.2,4.0,,,,3.75,5.25,5.75,2.6,,4.92,,,13.0,,
4.4,7.0,,,,3.0,6.25,8.25,4.8,,5.83,,,16.25,,
3.4,3.25,,,,3.5,6.0,7.5,3.4,,5.67,,,12.75,,
3.2,5.75,,,,3.25,5.5,7.75,3.6,,5.5,,,14.5,,
4.2,5.75,,,,4.75,7.5,8.25,4.4,,6.83,,,18.0,,
4.4,7.25,,,,4.75,7.25,8.25,2.8,,6.75,,,19.25,,
3.4,3.5,,,,3.5,6.25,7.75,5.8,,5.83,,,13.25,,
2.6,3.75,,,,3.25,4.25,5.0,2.2,,4.17,,,11.25,,
4.6,6.75,,,,5.0,6.75,8.25,3.4,,6.67,,,18.5,,
4.2,7.0,,,,3.75,7.0,8.25,2.4,,6.33,,,17.75,,
2.2,4.0,,,,2.75,5.75,6.5,2.4,,5.0,,,12.5,,
4.0,5.5,,,,3.75,4.25,4.5,2.6,,4.17,,,13.5,,
4.6,4.5,,,,5.0,4.25,7.5,3.2,,5.58,,,13.75,,
4.2,4.25,,,,2.0,6.5,7.0,3.6,,5.17,,,12.75,,
3.0,3.75,,,,3.5,6.25,8.25,3.6,,6.0,,,13.5,,
5.0,6.5,,,,4.5,5.5,7.0,2.8,,5.67,,,16.5,,
2.4,6.25,,,,2.0,4.5,7.25,3.4,,4.58,,,12.75,,
4.2,6.75,,,,1.75,5.0,6.25,2.2,,4.33,,,13.5,,
2.8,2.75,,,,3.0,4.75,4.75,2.8,,4.17,,,10.5,,
2.8,6.25,,,,4.5,3.75,6.25,1.8,,4.83,,,14.5,,
4.0,4.25,,,,3.0,5.5,6.75,2.8,,5.08,,,12.75,,
5.0,8.0,,,,5.75,6.5,8.5,4.2,,6.92,,,20.25,,
5.4,6.25,,,,3.5,5.5,6.75,3.0,,5.25,,,15.25,,
2.6,6.0,,,,1.75,4.0,6.0,3.8,,3.92,,,11.75,,
2.0,4.0,,,,3.25,4.25,5.5,2.4,,4.33,,,11.5,,
4.2,5.25,,,,4.0,5.75,7.0,2.4,,5.58,,,15.0,,
5.4,4.75,,,,2.75,7.0,6.5,3.6,,5.42,,,14.5,,
4.0,4.75,,,,4.25,6.0,7.0,3.0,,5.75,,,15.0,,
3.6,6.5,,,,3.75,3.25,6.75,2.4,,4.58,,,13.5,,
3.4,2.25,,,,2.75,5.5,5.0,2.2,,4.42,,,10.5,,
2.8,5.5,,,,2.25,5.0,6.5,2.2,,4.58,,,12.75,,
2.2,5.5,,,,2.5,3.5,4.25,2.0,,3.42,,,11.5,,
3.2,5.0,,,,4.25,6.25,8.0,2.6,,6.17,,,15.5,,
3.0,5.0,,,,2.25,3.75,7.0,3.2,,4.33,,,11.0,,
1.8,6.5,,,,3.25,5.25,7.25,3.0,,5.25,,,15.0,,
4.4,5.25,,,,3.0,7.25,9.25,3.6,,6.5,,,15.5,,
5.0,8.0,,,,7.25,8.5,8.5,5.4,,8.08,,,23.75,,
5.4,8.0,,,,6.5,7.5,7.75,3.6,,7.25,,,22.0,17.0,
2.2,5.5,,,,2.0,5.75,6.0,3.8,,4.58,,,13.25,,
2.2,4.75,,,,2.5,4.0,6.0,2.6,,4.17,,,11.25,,
5.2,7.0,,,,3.5,6.5,9.5,3.4,,6.5,,,17.0,,
4.4,7.0,,,,3.5,6.25,7.75,3.2,,5.83,,,16.75,,
3.8,6.75,,,,3.25,6.0,6.5,3.2,,5.25,,,16.0,,
3.4,6.5,,,,3.25,6.0,7.5,1.8,,5.58,,,15.75,,
1.6,6.25,,,,3.75,6.0,7.25,2.8,,5.67,,,16.0,,
3.4,6.75,,,,4.25,7.0,7.0,3.8,,6.08,,,18.0,,
3.6,5.25,,,,4.75,6.75,7.0,2.2,,6.17,,,16.75,,
5.2,8.0,,,,3.0,5.5,8.25,4.0,,5.58,,,16.5,,
4.2,7.0,,,,3.75,6.5,7.75,2.6,,6.0,,,17.25,,
2.2,3.0,,,,2.25,3.75,4.0,2.4,,3.33,,,9.0,,
4.8,8.0,,,,4.75,7.0,9.25,3.6,,7.0,,,19.75,,
2.2,8.0,,,,3.25,6.25,8.5,3.0,,6.0,,,17.5,,
3.4,6.0,,,,5.75,7.75,7.5,3.6,,7.0,,,19.5,13.0,
1.8,4.25,,,,3.25,4.5,5.25,3.6,,4.33,,,12.0,,
4.0,8.0,,,,7.25,8.5,7.75,2.6,,7.83,,,23.75,,
3.4,4.5,,,,2.75,2.5,5.5,3.6,,3.58,,,9.75,,
3.2,8.5,,,,4.75,7.25,8.5,2.8,,6.83,,,20.5,,
3.0,6.75,,,,2.5,3.25,7.0,2.2,,4.25,,,12.5,,
3.0,3.5,,,,3.75,3.75,5.5,2.6,,4.33,,,11.0,,
2.8,6.25,,,,2.75,3.75,6.5,3.0,,4.33,,,12.75,,
4.8,6.25,,,,1.75,3.75,5.0,1.8,,3.5,,,11.75,,
4.4,5.25,,,,5.0,6.0,8.25,3.8,,6.42,,,16.25,,
3.2,6.0,,,,5.5,4.5,6.75,3.0,,5.58,,,16.0,,
2.2,5.0,,,,4.5,5.5,6.75,2.4,,5.58,,,15.0,,
3.0,4.25,,,,3.75,3.75,6.5,2.6,,4.67,,,11.75,,
3.0,4.75,,,,3.5,6.0,7.75,2.6,,5.75,,,14.25,,
3.4,3.75,,,,3.0,4.0,6.0,3.2,,4.33,,,10.75,,
2.8,5.5,,,,2.25,5.75,6.0,2.2,,4.67,,,13.5,,
3.0,4.5,,,,3.25,5.75,7.25,3.0,,5.42,,,13.5,,
3.0,5.75,,,,4.0,6.5,6.75,1.2,,5.75,,,16.25,,
3.0,3.75,,,,3.0,5.75,6.0,2.0,,4.92,,,12.5,,
3.0,5.5,,,,3.75,5.25,6.0,3.6,,5.0,,,14.5,,
4.0,5.5,,,,4.0,6.0,8.5,2.0,,6.17,,,15.5,,
4.8,6.5,,,,4.5,6.25,8.0,3.0,,6.25,,,17.25,,
4.6,7.0,,,,5.0,5.25,7.0,2.6,,5.75,,,17.25,,
3.8,7.5,,,,5.0,5.5,8.5,2.0,,6.33,,,18.0,,
2.8,6.0,,,,3.75,5.5,7.25,4.2,,5.5,,,15.25,13.0,
4.0,6.25,,,,4.5,6.25,7.25,2.8,,6.0,,,17.0,,
3.2,6.5,,,,3.5,5.0,6.75,3.2,,5.08,,,15.0,,
3.6,5.5,,,,6.5,7.0,9.0,2.4,,7.5,,,19.0,,
6.0,7.25,,,,6.25,7.75,9.5,4.0,,7.83,,,21.25,,
3.6,7.25,,,,7.5,9.0,7.0,4.2,,7.83,,,23.75,,
6.0,7.25,,,,5.25,7.0,8.5,5.6,,6.92,,,19.5,,
5.6,8.0,4.5,5.5,6.75,,,,7.2,5.58,,15.6,17.85,,,17.3
3.8,5.0,,,,2.75,5.75,5.5,3.0,,4.67,,,13.5,,
3.6,4.0,,,,2.25,4.75,6.25,2.8,,4.42,,,11.0,,
4.0,6.25,,,,2.25,5.5,5.5,2.6,,4.42,,,14.0,,
3.2,2.5,,,,2.5,3.75,4.5,1.4,,3.58,,,8.75,,
5.0,6.5,,,,5.25,7.75,9.0,1.4,,7.33,,,19.5,,
3.6,6.5,,,,4.0,4.75,8.25,2.2,,5.67,,,15.25,,
4.4,3.75,,,,2.0,4.5,7.5,4.4,,4.67,,,10.25,,
4.0,6.0,,,,4.0,6.75,6.75,2.8,,5.83,,,16.75,,
3.0,2.75,,,,2.25,3.25,3.0,3.0,,2.83,,,8.25,,
2.6,3.25,,,,1.75,4.25,5.75,3.4,,3.92,,,9.25,,
3.6,5.0,,,,4.25,5.0,7.25,2.4,,5.5,,,14.25,11.0,
6.2,7.0,4.5,6.25,6.0,,,,4.4,5.58,,16.95,18.45,,,15.1
5.6,5.75,,,,5.5,6.0,9.5,3.0,,7.0,,,17.25,,
3.2,3.25,,,,4.25,3.5,5.25,3.2,,4.33,,,11.0,,
2.4,5.0,,,,2.25,3.0,2.5,2.6,,2.58,,,10.25,10.0,
4.0,5.0,,,,2.75,6.25,7.0,3.4,,5.33,,,14.0,,
3.6,5.5,,,,4.5,6.0,6.75,3.2,,5.75,,,16.0,,
2.8,5.0,,,,2.5,4.0,7.25,3.2,,4.58,,,11.5,11.0,
4.6,7.0,4.25,4.75,4.25,,,,3.4,4.42,,13.6,13.6,,15.0,12.25
4.2,4.25,,,,4.25,5.0,7.5,3.4,,5.58,,,13.5,,
2.8,4.0,,,,3.75,3.75,6.0,2.4,,4.5,,,11.5,,
4.8,3.5,,,,2.75,6.25,6.0,2.6,,5.0,,,12.5,,
2.8,3.5,,,,2.75,3.25,4.5,3.2,,3.5,,,9.5,,
4.8,8.0,,,,5.0,7.25,9.0,4.4,,7.08,,,20.25,,
3.2,2.75,,,,2.75,5.0,6.0,3.0,,4.58,,,10.5,,
4.4,7.0,,,,5.0,7.25,7.25,2.6,,6.5,,,19.25,14.0,
3.6,4.5,,,,3.25,5.75,7.75,3.8,,5.58,,,13.5,,
3.8,3.5,,,,5.0,5.5,7.75,2.6,,6.08,,,14.0,,
3.4,5.0,,,,3.75,4.75,,,,,,,13.5,,
,8.75,,,,7.5,6.5,,,,,,,22.75,,
,6.5,,,,6.75,7.0,,,,,,,20.25,,
,5.25,,,,3.5,6.75,,,,,,,15.5,,
5.6,8.0,,,,6.25,,,,,,,,,,
3.4,2.75,,,,4.0,2.25,5.25,2.4,,3.83,,,9.0,,
4.2,2.5,,,,2.5,4.5,,,,,,,9.5,,
4.4,6.75,,,,3.0,,,,,,,,,,
3.2,5.25,,,,4.25,6.0,,,,,,,15.5,,
,4.75,,,,2.25,6.75,,,,,,,13.75,,
4.0,6.25,,,,3.0,6.75,6.25,3.0,,5.33,,,16.0,,
2.2,7.0,,,,3.75,7.75,8.5,3.0,,6.67,,,18.5,,
3.2,7.0,,,,4.0,5.0,5.5,4.4,,4.83,,,16.0,,
4.2,6.75,,,,3.5,4.75,7.25,3.2,,5.17,,,15.0,,
2.8,5.5,,,,2.0,5.0,4.25,3.6,,3.75,,,12.5,,
2.4,5.5,,,,3.0,4.75,4.0,2.2,,3.92,,,13.25,,
6.0,7.5,,,,5.25,6.0,9.0,4.8,,6.75,,,18.75,,
3.0,4.75,,,,4.5,6.25,8.0,2.4,,6.25,,,15.5,,
4.6,8.25,,,,4.75,5.75,9.75,4.2,,6.75,,,18.75,,
3.2,5.5,,,,3.5,4.75,6.0,3.0,,4.75,,,13.75,,
4.6,6.5,,,,5.0,6.5,7.5,2.4,,6.33,,,18.0,,
3.6,8.0,,,,5.25,6.75,8.75,4.0,,6.92,,,20.0,,
3.2,6.0,,,,1.75,4.75,6.25,2.8,,4.25,,,12.5,12.0,
4.4,7.5,,,,5.25,6.5,9.25,3.8,,7.0,,,19.25,,
2.4,7.25,,,,3.25,5.25,8.0,2.4,,5.5,,,15.75,,
6.4,7.25,,,,6.5,8.25,9.25,5.0,,8.0,,,22.0,,
4.8,4.75,,,,3.75,4.5,7.25,3.2,,5.17,,,13.0,,
4.6,5.0,,,,3.0,5.75,8.0,3.4,,5.58,,,13.75,13.0,
3.6,6.0,,,,3.5,6.25,8.5,2.4,,6.08,,,15.75,12.0,
5.8,6.5,,,,3.5,5.5,6.5,3.4,,5.17,,,15.5,,
3.0,4.0,,,,1.5,4.0,6.0,2.4,,3.83,,,9.5,,
4.0,7.75,,,,2.0,5.75,7.75,4.2,,5.17,,,15.5,,
4.6,8.0,,,,5.0,5.5,7.25,3.8,,5.92,,,18.5,,
5.0,6.0,,,,2.75,5.75,6.0,2.6,,4.83,,,14.5,,
4.4,6.25,,,,4.25,5.75,7.0,2.8,,5.67,,,16.25,,
1.8,3.5,,,,1.5,5.0,4.75,3.0,,3.75,,,10.0,,
4.2,6.0,,,,3.5,4.5,6.5,3.4,,4.83,,,14.0,,
3.8,7.5,,,,3.75,6.5,7.5,1.8,,5.92,,,17.75,,
3.4,5.5,,,,3.25,6.0,5.75,2.8,,5.0,,,14.75,,
4.8,8.25,,,,4.5,6.5,8.75,4.6,,6.58,,,19.25,,
4.4,6.0,,,,4.75,7.0,8.5,3.0,,6.75,,,17.75,,
3.8,6.5,,,,4.75,5.5,8.0,4.6,,6.08,,,16.75,,
3.2,6.5,,,,2.75,4.75,5.25,2.4,,4.25,,,14.0,,
5.2,7.25,,,,6.5,6.25,8.0,4.4,,6.92,,,20.0,,
2.8,6.25,,,,2.75,4.5,7.5,1.8,,4.92,,,13.5,,
4.4,6.5,,,,3.75,5.0,7.75,2.8,,5.5,,,15.25,,
5.8,7.5,,,,8.0,5.25,8.0,4.4,,7.08,,,20.75,,
4.4,7.75,,,,3.75,5.25,8.25,4.0,,5.75,,,16.75,,
6.4,6.75,,,,4.75,6.25,7.5,2.4,,6.17,,,17.75,,
2.6,2.5,,,,4.5,5.0,5.5,3.8,,5.0,,,12.0,,
2.8,4.25,,,,3.0,3.75,6.5,2.2,,4.42,,,11.0,,
3.4,5.25,,,,3.5,4.75,6.75,1.8,,5.0,,,13.5,,
3.0,4.25,,,,2.5,5.5,5.75,3.0,,4.58,,,12.25,,
4.6,4.25,,,,3.25,6.5,6.75,3.0,,5.5,,,14.0,,
3.0,2.5,,,,5.25,4.75,8.75,3.4,,6.25,,,12.5,,
3.4,5.75,,,,3.0,5.25,6.25,3.0,,4.83,,,14.0,,
5.2,6.25,5.25,5.0,4.25,,,,1.8,4.83,,15.45,14.45,,,12.25
3.6,7.0,,,,3.0,5.0,8.25,3.0,,5.42,,,15.0,,
4.8,7.0,,,,4.75,7.5,7.25,3.4,,6.5,,,19.25,,
2.8,6.25,,,,3.0,5.5,6.75,2.6,,5.08,,,14.75,,
3.6,8.0,,,,3.25,6.5,7.25,3.6,,5.67,,,17.75,,
2.8,7.5,,,,3.0,6.0,6.75,3.8,,5.25,,,16.5,,
3.2,3.0,,,,3.75,4.0,7.25,2.6,,5.0,,,10.75,,
2.8,3.5,,,,4.0,3.5,5.5,2.6,,4.33,,,11.0,,
4.4,7.5,,,,6.75,7.0,8.75,3.8,,7.5,,,21.25,,
3.4,6.0,,,,5.75,6.5,8.25,2.6,,6.83,,,18.25,12.0,
3.0,4.5,,,,4.0,5.75,7.0,2.6,,5.58,,,14.25,,
5.2,6.5,,,,4.5,7.0,7.75,3.0,,6.42,,,18.0,,
3.4,4.25,,,,3.5,4.5,5.0,2.0,,4.33,,,12.25,,
3.6,4.5,,,,4.0,6.0,7.5,2.8,,5.83,,,14.5,,
4.2,8.0,,,,4.5,6.0,8.0,5.6,,6.17,,,18.5,,
5.6,6.25,,,,5.5,7.75,8.25,3.0,,7.17,,,19.5,,
3.4,6.5,,,,3.25,6.25,7.5,2.6,,5.67,,,16.0,,
2.6,6.75,,,,3.25,4.5,6.5,3.6,,4.75,,,14.5,,
1.2,4.25,,,,3.75,6.5,9.0,1.8,,6.42,,,14.5,,
4.4,6.75,,,,4.75,7.25,8.25,5.0,,6.75,,,18.75,,
3.2,6.75,,,,3.75,6.0,7.0,4.2,,5.58,,,16.5,,
1.8,3.25,,,,3.25,3.25,3.25,3.0,,3.25,,,9.75,,
3.0,5.5,,,,2.25,4.5,3.75,3.4,,3.5,,,12.25,,
3.0,5.5,,,,3.25,4.5,6.75,3.0,,4.83,,,13.25,,
5.4,6.5,,,,4.5,7.0,8.25,1.8,,6.58,,,18.0,,
3.6,6.0,,,,4.0,5.75,7.25,2.8,,5.67,,,15.75,,
2.0,2.0,,,,2.75,5.0,6.0,1.8,,4.58,,,9.75,,
4.0,7.25,,,,3.5,5.75,7.75,2.2,,5.67,,,16.5,,
4.0,5.25,,,,3.0,4.0,5.75,3.0,,4.25,,,12.25,,
5.4,6.5,,,,3.0,5.0,7.0,2.8,,5.0,,,14.5,,
4.6,8.5,,,,5.25,6.25,7.5,3.0,,6.33,,,20.0,,
2.8,3.5,,,,4.0,4.5,5.0,2.6,,4.5,,,12.0,,
2.4,,,,,,,,,,,,,,,
1.4,1.25,,,,2.0,3.75,,,,,,,7.0,,
6.4,7.5,,,,7.0,,,,,,,,,,
,3.0,,,,6.0,6.5,,,,,,,15.5,,
2.6,3.5,,,,2.75,4.0,,,,,,,10.25,,
1.4,3.25,,,,3.25,5.75,5.0,3.2,,4.67,,,12.25,,
,6.25,,,,9.25,8.75,,,,,,,24.25,,
2.8,6.75,,,,4.5,6.5,,3.0,,,,,17.75,,
5.0,8.0,,,,,,,4.4,,,,,,,
5.4,8.25,,,,,,,4.8,,,,,,,
4.6,7.5,,,,6.5,9.0,7.75,3.2,,7.75,,,23.0,,
4.4,8.25,,,,3.5,6.25,9.0,4.0,,6.25,,,18.0,,
4.2,5.5,,,,2.75,5.5,6.5,1.8,,4.92,,,13.75,,
3.6,3.5,,,,3.75,5.25,8.0,3.2,,5.67,,,12.5,,
4.6,7.75,,,,5.25,8.5,8.0,3.6,,7.25,,,21.5,,
3.2,6.0,,,,2.75,5.5,6.5,3.6,,4.92,,,14.25,,
2.8,5.0,,,,4.25,4.75,7.25,3.0,,5.42,,,14.0,,
3.6,5.75,,,,3.75,6.25,7.75,3.6,,5.92,,,15.75,,
6.0,6.5,,,,5.25,7.75,9.0,3.0,,7.33,,,19.5,,
3.4,5.5,,,,3.75,5.5,8.0,3.0,,5.75,,,14.75,,
2.6,4.25,,,,2.75,3.5,,,,,,,10.5,,
3.2,4.0,,,,3.5,5.5,,,,,,,13.0,,
3.4,3.5,,,,2.5,3.5,,,,,,,9.5,,
3.6,3.75,,,,3.75,4.0,,,,,,,11.5,,
4.2,5.0,,,,4.5,6.75,,,,,,,16.25,,
2.6,3.0,,,,1.75,3.25,,,,,,,8.0,,
1.8,2.5,,,,2.75,4.75,,,,,,,10.0,,
2.8,4.25,,,,4.75,6.25,,,,,,,15.25,,
3.8,5.0,,,,4.25,5.25,,,,,,,14.5,,
1.8,6.0,,,,2.25,4.25,,,,,,,12.5,,
6.2,6.75,5.25,2.0,5.0,,,,3.2,4.08,,13.45,13.2,,,14.65
3.2,3.75,,,,3.5,4.0,5.5,2.0,,4.33,,,11.25,,
5.0,7.25,,,,2.5,6.25,7.0,2.8,,5.25,,,16.0,,
5.6,4.75,,,,4.0,5.75,9.25,3.2,,6.33,,,14.5,,
2.0,4.5,,,,3.0,3.75,6.0,2.2,,4.25,,,11.25,,
6.0,6.25,5.25,5.5,5.75,,,,4.0,5.5,,16.75,17.25,,,15.25
4.2,6.0,,,,3.25,5.75,7.75,2.6,,5.58,,,15.0,,
3.2,3.5,,,,4.25,5.0,7.0,3.0,,5.42,,,12.75,,
3.2,5.5,,,,4.75,5.25,6.0,2.8,,5.33,,,15.5,,
2.2,5.5,,,,2.0,5.0,6.0,2.6,,4.33,,,12.5,,
4.4,8.5,,,,5.75,6.0,8.0,3.0,,6.58,,,20.25,,
5.8,7.75,4.75,3.5,4.75,,,,3.4,4.33,,14.05,14.05,,,13.95
3.2,4.0,,,,4.0,4.0,6.5,1.8,,4.83,,,12.0,9.0,
5.4,5.5,,,,4.5,7.0,8.0,2.2,,6.5,,,17.0,,
5.0,3.5,,,,2.75,6.75,8.0,3.8,,5.83,,,13.0,,
6.0,4.75,,,,4.5,5.5,8.25,3.4,,6.08,,,14.75,,
3.2,3.75,,,,3.25,4.5,6.0,2.2,,4.58,,,11.5,,
4.6,6.75,,,,4.5,5.5,7.5,3.0,,5.83,,,16.75,,
3.6,5.5,,,,3.5,5.5,7.0,2.6,,5.33,,,14.5,,
4.0,7.0,,,,4.5,7.5,7.75,2.4,,6.58,,,19.0,,
3.0,6.5,,,,2.75,5.75,6.5,2.8,,5.0,,,15.0,,
2.8,4.25,,,,2.5,6.5,7.5,2.4,,5.5,,,13.25,,
2.6,3.75,,,,4.0,5.5,7.25,3.6,,5.58,,,13.25,,
5.4,8.0,,,,4.25,6.75,9.25,3.4,,6.75,,,19.0,,
3.4,5.75,,,,4.0,6.75,9.25,3.2,,6.67,,,16.5,,
4.0,4.25,,,,3.0,5.0,6.75,3.0,,4.92,,,12.25,,
3.2,7.5,,,,5.25,7.0,8.25,3.2,,6.83,,,19.75,,
5.8,6.75,,,,6.0,6.25,8.5,5.2,,6.92,,,19.0,,
3.8,5.0,,,,3.5,5.25,6.5,2.6,,5.08,,,13.75,,
6.4,3.25,7.0,7.0,4.5,,,,3.2,6.17,,20.4,17.9,,,16.6
4.8,7.75,,,,5.0,6.25,9.5,3.2,,6.92,,,19.0,,
3.2,3.25,,,,3.25,4.0,6.0,3.0,,4.42,,,10.5,,
1.4,3.25,,,,2.75,4.75,6.0,3.2,,4.5,,,10.75,,
3.6,6.0,,,,4.0,6.0,8.0,2.8,,6.0,,,16.0,,
4.0,5.75,,,,2.5,4.5,8.0,1.8,,5.0,,,12.75,,
3.6,6.5,,,,2.25,5.0,5.5,3.0,,4.25,,,13.75,,
4.6,8.25,,,,4.25,6.25,7.5,2.6,,6.0,,,18.75,,
1.4,4.25,,,,4.25,4.75,6.5,2.4,,5.17,,,13.25,,
2.4,4.5,,,,2.0,3.25,7.0,1.4,,4.08,,,9.75,,
2.4,5.5,,,,4.75,5.5,7.5,3.0,,5.92,,,15.75,,
3.6,6.25,,,,2.75,4.0,7.0,2.8,,4.58,,,13.0,,
2.2,4.25,,,,3.5,4.0,4.75,3.6,,4.08,,,11.75,,
3.4,5.75,,,,2.25,4.5,7.75,2.6,,4.83,,,12.5,,
2.0,3.0,,,,4.0,5.75,6.5,1.8,,5.42,,,12.75,,
2.8,2.75,,,,2.5,3.0,5.5,2.2,,3.67,,,8.25,,
5.0,5.5,,,,4.0,6.5,8.0,3.0,,6.17,,,16.0,,
6.4,4.5,3.75,4.5,5.0,,,,4.2,4.42,,14.65,15.9,,,14.35
4.0,4.5,,,,3.0,5.5,6.75,2.0,,5.08,,,13.0,,
3.6,7.0,,,,5.0,6.0,7.0,2.4,,6.0,,,18.0,13.0,
4.4,5.5,,,,5.0,5.75,8.75,3.8,,6.5,,,16.25,,
3.6,5.5,,,,2.25,5.5,8.5,2.4,,5.42,,,13.25,,
6.0,8.0,,,,5.5,8.25,8.5,7.4,,7.42,,,21.75,,
5.8,7.5,5.25,4.5,3.25,,,,5.6,4.33,,15.55,13.55,,,16.65
2.4,5.0,,,,3.0,4.75,6.75,2.8,,4.83,,,12.75,,
4.4,6.75,,,,4.0,7.0,9.0,2.8,,6.67,,,17.75,,
4.8,6.75,,,,3.25,6.25,7.75,3.6,,5.75,,,16.25,,
3.6,5.0,,,,4.0,5.0,6.5,4.0,,5.17,,,14.0,,
2.2,4.75,,,,3.75,5.25,8.0,1.2,,5.67,,,13.75,,
3.8,4.5,,,,3.25,4.5,7.0,3.2,,4.92,,,12.25,,
3.2,7.0,,,,2.75,5.25,7.75,1.8,,5.25,,,15.0,12.0,
3.2,5.75,,,,2.75,4.25,8.0,3.2,,5.0,,,12.75,,
3.2,6.0,,,,1.75,5.5,8.25,4.0,,5.17,,,13.25,,
2.8,5.5,,,,4.5,6.25,8.5,2.0,,6.42,,,16.25,,
4.8,4.0,,,,4.5,4.0,6.25,3.0,,4.92,,,12.5,,
4.0,5.0,,,,2.75,5.75,7.5,2.0,,5.33,,,13.5,11.0,
2.6,4.5,,,,2.75,4.25,6.5,2.2,,4.5,,,11.5,,
6.8,7.25,4.75,5.25,6.0,,,,4.4,5.33,,16.8,18.05,,,15.95
1.0,4.25,,,,3.0,5.0,8.0,2.6,,5.33,,,12.25,,
4.4,6.5,,,,3.25,4.75,8.25,3.2,,5.42,,,14.5,,
2.4,2.75,,,,3.5,6.25,7.75,3.4,,5.83,,,12.5,,
4.2,7.25,,,,3.25,6.5,8.0,4.8,,5.92,,,17.0,,
3.8,4.25,,,,2.5,4.5,7.75,1.8,,4.92,,,11.25,,
4.4,6.25,,,,3.5,6.0,8.5,3.8,,6.0,,,15.75,,
3.6,6.0,,,,2.25,5.5,7.75,2.6,,5.17,,,13.75,,
2.0,5.5,,,,3.25,4.5,6.5,3.2,,4.75,,,13.25,,
4.2,5.75,,,,3.0,6.0,6.5,1.6,,5.17,,,14.75,,
3.0,5.25,,,,2.5,5.0,7.75,1.8,,5.08,,,12.75,,
5.2,7.25,,,,3.75,5.25,6.5,3.4,,5.17,,,16.25,,
3.4,5.0,,,,3.5,5.5,5.25,3.6,,4.75,,,14.0,12.0,
6.8,7.0,5.5,5.5,6.25,,,,5.4,5.75,,17.8,18.55,,,17.7
4.8,5.5,2.75,4.0,4.5,,,,3.0,3.75,,11.55,13.3,,,10.55
4.2,7.5,4.25,3.75,5.75,,,,3.6,4.58,,12.2,13.7,,,12.05
4.8,6.5,5.5,3.0,3.75,,,,3.0,4.08,,13.3,11.55,,,13.3
6.0,8.0,3.0,4.5,6.5,,,,3.6,4.67,,13.5,17.0,,,12.6
6.4,8.0,5.0,5.75,7.25,,,,4.2,6.0,,17.15,19.4,,,15.6
3.4,6.0,,,,4.25,6.25,6.5,2.2,,5.67,,,16.5,,
4.2,5.75,,,,5.5,6.75,9.25,3.4,,7.17,,,18.0,,
2.8,6.25,,,,3.75,5.75,7.25,2.8,,5.58,,,15.75,,
4.6,5.75,,,,4.5,6.0,6.75,4.0,,5.75,,,16.25,,
3.6,4.75,,,,4.0,5.0,7.5,2.4,,5.5,,,13.75,,
3.4,3.0,,,,2.75,3.75,5.25,2.2,,3.92,,,9.5,,
3.2,7.0,,,,6.5,7.25,8.75,3.4,,7.5,,,20.75,,
4.8,6.75,,,,5.25,6.75,8.5,4.6,,6.83,,,18.75,,
6.0,6.5,,,,4.5,6.5,8.0,6.0,,6.33,,,17.5,,
5.6,6.5,2.0,5.75,4.0,,,,2.2,3.92,,13.35,15.35,,,9.8
3.0,6.0,,,,5.5,6.5,7.5,2.2,,6.5,,,18.0,,
3.0,6.25,,,,6.25,6.5,8.5,3.0,,7.08,,,19.0,,
2.8,6.25,,,,3.0,5.0,6.75,3.6,,4.92,,,14.25,,
5.0,3.25,,,,4.25,7.0,8.0,1.2,,6.42,,,14.5,,
3.0,5.5,,,,2.75,5.5,7.25,3.0,,5.17,,,13.75,,
2.4,7.0,,,,4.0,7.25,5.5,2.8,,5.58,,,18.25,,
4.2,6.75,,,,2.75,5.5,7.25,3.0,,5.17,,,15.0,,
4.6,5.0,5.25,3.75,4.5,,,,3.6,4.5,,13.6,12.85,,,13.45
5.6,6.5,,,,4.75,4.25,8.5,2.6,,5.83,,,15.5,,
2.4,5.0,,,,3.25,4.5,6.5,1.4,,4.75,,,12.75,,
4.2,5.0,,,,3.5,4.25,5.75,2.6,,4.5,,,12.75,,
3.6,5.75,3.0,2.75,3.0,4.25,5.5,6.5,2.0,2.92,5.42,9.35,9.35,15.5,,8.6
3.6,8.75,,,,4.75,6.75,6.75,3.2,,6.08,,,20.25,,
4.4,6.0,,,,3.5,5.5,7.0,2.8,,5.33,,,15.0,,
4.0,4.5,,,,5.0,5.5,7.5,2.4,,6.0,,,15.0,,
3.4,5.5,,,,2.25,5.0,7.5,2.2,,4.92,,,12.75,,
5.4,4.25,,,,4.75,6.0,,,,,,,15.0,,
1.8,3.0,,,,3.25,4.0,,,,,,,10.25,,
2.8,5.0,,,,2.75,4.75,,,,,,,12.5,,
2.8,5.25,,,,2.0,6.0,,,,,,,13.25,,
,3.5,,,,4.75,6.75,,,,,,,15.0,,
2.8,3.0,,,,3.5,3.5,,,,,,,10.0,,
2.6,5.0,,,,3.0,3.25,,,,,,,11.25,,
1.4,3.75,,,,2.25,4.5,,,,,,,10.5,,
,7.0,,,,1.75,4.75,,,,,,,13.5,,
,8.75,,,,4.75,6.75,,,,,,,20.25,,
2.2,3.25,,,,2.5,5.25,,,,,,,11.0,,
2.8,5.25,,,,3.25,4.5,3.0,2.8,,3.58,,,13.0,,
3.4,3.0,,,,4.0,5.0,7.0,1.8,,5.33,,,12.0,,
5.0,6.5,4.25,6.5,5.75,,,,3.8,5.5,,15.75,17.25,,,13.05
2.8,5.25,,,,5.75,5.75,6.75,3.2,,6.08,,,16.75,,
4.8,6.0,,,,4.0,7.25,8.25,2.4,,6.5,,,17.25,,
2.2,6.0,,,,3.25,6.0,7.25,3.8,,5.5,,,15.25,12.0,
3.0,7.5,,,,3.75,6.75,7.75,3.2,,6.08,,,18.0,,
2.8,3.75,,,,3.75,3.5,6.75,2.6,,4.67,,,11.0,,
3.4,6.5,,,,5.25,5.25,7.0,2.6,,5.83,,,17.0,,
2.4,3.0,,,,3.25,2.75,5.5,2.2,,3.83,,,9.0,,
4.6,7.25,,,,4.75,5.5,8.0,3.8,,6.08,,,17.5,,
3.8,5.5,,,,3.25,7.5,7.5,2.4,,6.08,,,16.25,,
2.8,3.0,,,,3.5,4.75,7.0,1.8,,5.08,,,11.25,,
2.6,4.25,,,,4.5,5.0,7.25,1.8,,5.58,,,13.75,,
4.0,5.75,3.0,3.75,4.0,2.75,7.75,7.75,2.8,3.58,6.08,10.75,11.75,16.25,,9.8
3.0,6.5,,,,4.5,4.75,5.0,2.8,,4.75,,,15.75,,
2.6,5.5,,,,3.75,7.25,6.5,3.4,,5.83,,,16.5,,
3.6,7.5,,,,5.25,7.5,6.75,3.2,,6.5,,,20.25,,
3.0,4.0,,,,2.0,3.25,5.25,3.4,,3.5,,,9.25,,
3.6,3.25,,,,2.25,4.5,5.25,2.8,,4.0,,,10.0,,
2.8,4.0,,,,2.0,3.25,4.5,2.6,,3.25,,,9.25,,
3.0,4.5,,,,1.5,4.0,5.0,2.6,,3.5,,,10.0,,
1.8,4.0,,,,2.5,4.75,5.25,3.8,,4.17,,,11.25,,
2.6,4.25,,,,2.75,2.75,4.5,1.8,,3.33,,,9.75,,
4.8,6.5,6.75,5.25,5.0,,,,4.8,5.67,,16.8,15.05,,,16.35
6.4,6.75,4.5,4.5,6.75,,,,6.8,5.25,,15.4,17.65,,,17.7
2.4,5.5,3.75,3.25,5.5,,,,2.0,4.17,,9.4,11.15,,,8.15
4.6,5.0,5.5,3.25,3.0,,,,4.4,3.92,,13.35,10.85,,14.0,14.5
6.0,6.75,4.0,4.5,4.5,,,,3.0,4.33,,14.5,15.0,,,13.0
5.4,6.25,,,,5.5,6.5,8.5,2.4,,6.83,,,18.25,,
3.2,7.5,,,,4.5,5.5,6.25,3.2,,5.42,,,17.5,,
3.6,3.75,,,,2.5,3.25,6.5,2.0,,4.08,,,9.5,,
1.8,2.5,,,,2.5,4.0,4.25,1.6,,3.58,,,9.0,,
4.0,4.5,,,,3.0,5.0,6.0,3.0,,4.67,,,12.5,,
6.4,7.5,,,,,,,5.0,,,,,,,
1.8,5.25,,,,4.0,4.75,7.25,3.6,,5.33,,,14.0,,
3.8,6.75,,,,3.5,4.0,,,,,,,14.25,,
3.0,7.5,,,,4.5,,,3.4,,,,,,,
2.6,2.5,1.5,2.25,4.25,,,,1.8,2.67,,6.35,9.1,,,5.9
6.0,8.5,,,,,,,7.4,,,,,,,
7.2,7.5,,,,4.75,3.25,8.25,3.2,,5.42,,,15.5,,
3.6,3.5,,,,2.25,3.5,5.75,4.0,,3.83,,,9.25,,
2.0,4.0,,,,3.0,5.75,4.5,2.0,,4.42,,,12.75,8.0,
3.0,5.0,,,,4.5,6.25,6.5,2.8,,5.75,,,15.75,,
3.2,7.0,,,,4.0,6.0,7.25,3.8,,5.75,,,17.0,14.0,
2.0,2.75,,,,3.0,4.5,6.75,2.8,,4.75,,,10.25,,
2.2,4.25,,,,4.0,5.25,6.25,2.6,,5.17,,,13.5,,
2.2,6.0,,,,6.75,7.5,7.25,2.2,,7.17,,,20.25,,
3.8,5.5,,,,2.25,4.75,7.5,2.2,,4.83,,,12.5,,
4.4,6.25,,,,5.5,5.75,8.0,2.6,,6.42,,,17.5,,
5.0,7.25,,,,3.5,5.25,8.0,4.0,,5.58,,,16.0,,
3.0,5.0,,,,4.0,5.75,6.5,2.2,,5.42,,,14.75,,
3.8,7.5,,,,3.25,7.25,7.75,4.2,,6.08,,,18.0,,
6.8,6.0,6.25,5.25,3.75,,,,3.8,5.08,,18.3,15.8,,,16.85
2.8,5.0,,,,4.0,5.5,7.25,3.6,,5.58,,,14.5,,
4.0,8.0,,,,2.75,4.5,8.25,4.0,,5.17,,,15.25,16.0,
4.2,5.5,,,,2.0,5.75,7.0,3.8,,4.92,,,13.25,,
5.2,5.75,,,,3.75,7.25,7.5,3.6,,6.17,,,16.75,,
4.0,6.0,,,,1.75,3.0,5.0,1.6,,3.25,,,10.75,,
4.6,7.25,,,,5.0,7.0,9.5,4.0,,7.17,,,19.25,,
4.2,7.0,,,,6.0,6.5,6.5,3.2,,6.33,,,19.5,,
5.2,6.25,,,,3.25,6.0,7.25,1.8,,5.5,,,15.5,,
4.2,6.75,,,,3.5,5.5,7.25,2.8,,5.42,,,15.75,,
3.4,3.25,,,,2.75,5.75,7.25,3.2,,5.25,,,11.75,,
3.4,6.5,,,,2.5,4.75,5.75,2.4,,4.33,,,13.75,,
3.8,4.0,,,,2.75,5.5,7.0,2.2,,5.08,,,12.25,10.0,
3.6,5.5,,,,2.75,5.0,6.25,2.4,,4.67,,,13.25,,
5.6,7.0,,,,3.25,6.0,7.25,2.6,,5.5,,,16.25,,
5.6,7.0,,,,5.0,6.0,7.75,3.2,,6.25,,,18.0,,
4.4,5.75,,,,4.5,5.5,7.75,2.6,,5.92,,,15.75,,
3.4,5.75,,,,2.5,6.0,5.75,3.2,,4.75,,,14.25,,
2.0,2.75,,,,2.5,4.5,4.75,2.2,,3.92,,,9.75,,
4.0,5.5,,,,4.0,7.5,8.25,5.6,,6.58,,,17.0,,
4.6,8.5,,,,4.5,7.25,7.5,3.4,,6.42,,,20.25,,
3.2,3.75,,,,3.0,4.5,5.0,4.2,,4.17,,,11.25,,
3.2,5.75,,,,3.0,1.75,5.0,2.4,,3.25,,,10.5,,
2.8,5.25,,,,4.25,5.5,6.25,1.8,,5.33,,,15.0,,
1.8,4.5,,,,2.25,3.25,6.75,3.0,,4.08,,,10.0,,
4.2,6.25,,,,3.75,4.75,7.5,3.4,,5.33,,,14.75,,
2.8,3.5,,,,4.25,3.75,6.75,3.6,,4.92,,,11.5,,
2.2,5.75,,,,3.0,2.5,4.75,3.2,,3.42,,,11.25,,
3.4,4.5,,,,2.0,3.5,4.25,3.4,,3.25,,,10.0,,
3.4,6.0,,,,4.0,4.25,7.25,3.6,,5.17,,,14.25,13.0,
3.2,7.0,,,,1.75,5.25,6.0,2.8,,4.33,,,14.0,13.0,
5.0,7.5,,,,4.75,5.5,8.75,4.0,,6.33,,,17.75,,
3.8,6.5,,,,2.75,6.0,6.0,1.8,,4.92,,,15.25,,
4.2,7.75,,,,5.0,7.5,7.5,4.0,,6.67,,,20.25,,
3.0,5.0,,,,3.0,5.25,4.75,2.0,,4.33,,,13.25,10.0,
5.8,5.25,,,,5.0,5.5,7.75,2.4,,6.08,,,15.75,,
2.6,3.25,,,,3.5,4.5,6.0,1.6,,4.67,,,11.25,,
3.6,4.5,,,,3.5,4.25,4.75,2.8,,4.17,,,12.25,,
3.6,5.75,,,,4.75,4.75,7.0,2.6,,5.5,,,15.25,,
2.0,3.75,,,,2.5,4.75,6.75,1.8,,4.67,,,11.0,,
4.2,2.5,,,,4.0,4.75,5.5,2.0,,4.75,,,11.25,,
3.6,5.5,,,,5.0,5.5,6.25,3.8,,5.58,,,16.0,,
3.8,6.0,,,,2.25,5.5,6.75,2.6,,4.83,,,13.75,,
6.0,8.0,,,,5.5,6.0,7.5,4.4,,6.33,,,19.5,,
3.4,7.0,,,,3.25,6.5,8.25,4.6,,6.0,,,16.75,15.0,
5.0,6.75,4.5,4.0,4.5,,,,3.4,4.33,,13.5,13.5,,,12.9
3.8,3.5,,,,3.25,3.75,6.5,1.6,,4.5,,,10.5,,
2.6,3.75,,,,3.5,3.5,7.0,4.0,,4.67,,,10.75,,
5.0,7.0,,,,5.0,6.25,7.0,4.2,,6.08,,,18.25,,
5.6,6.5,,,,4.0,5.25,8.5,3.6,,5.92,,,15.75,,
3.2,6.25,,,,4.0,7.25,8.75,3.6,,6.67,,,17.5,,
3.8,7.5,,,,4.25,7.75,7.75,3.2,,6.58,,,19.5,,
3.0,4.25,,,,2.75,3.75,4.75,2.2,,3.75,,,10.75,,
2.0,4.0,,,,2.25,3.75,3.25,3.2,,3.08,,,10.0,,
4.8,4.75,,,,6.75,6.75,9.25,3.8,,7.58,,,18.25,,
3.0,4.0,,,,4.0,4.5,7.5,3.0,,5.33,,,12.5,10.0,
4.2,5.25,,,,3.0,3.25,6.0,2.2,,4.08,,,11.5,,
4.2,5.0,,,,4.5,6.0,7.0,3.2,,5.83,,,15.5,,
4.4,5.0,,,,2.75,6.75,7.0,3.0,,5.5,,,14.5,,
3.8,6.25,,,,4.0,7.0,7.75,1.6,,6.25,,,17.25,,
2.8,6.5,,,,4.25,6.75,7.25,2.8,,6.08,,,17.5,,
4.8,4.0,,,,3.25,6.75,7.0,4.0,,5.67,,,14.0,,
3.0,3.5,,,,4.0,5.5,6.5,2.8,,5.33,,,13.0,,
4.4,3.75,,,,2.25,5.75,8.5,2.8,,5.5,,,11.75,,
2.6,3.5,,,,4.25,4.75,6.0,2.6,,5.0,,,12.5,,
3.6,3.75,,,,3.5,5.75,7.5,3.6,,5.58,,,13.0,,
6.0,6.75,,,,3.5,8.0,8.25,4.4,,6.58,,,18.25,,
2.2,4.25,,,,3.75,6.25,8.0,2.8,,6.0,,,14.25,,
2.2,2.75,,,,3.25,4.25,6.75,2.8,,4.75,,,10.25,,
1.4,5.25,,,,2.75,4.75,5.5,2.4,,4.33,,,12.75,,
,6.25,,,,5.75,5.5,,,,,,,17.5,,
,6.75,,,,4.75,6.5,,,,,,,18.0,,
2.8,8.0,,,,3.0,5.75,7.75,3.8,,5.5,,,16.75,,
5.6,6.5,4.25,3.25,4.5,,,,3.4,4.0,,13.1,13.35,,,13.25
3.2,4.75,,,,3.25,5.5,6.5,3.0,,5.08,,,13.5,,
2.8,6.25,,,,3.5,7.0,6.75,3.6,,5.75,,,16.75,,
3.6,4.75,,,,2.0,4.25,7.25,4.0,,4.5,,,11.0,,
1.8,5.0,,,,4.0,4.25,6.75,3.4,,5.0,,,13.25,,
5.0,7.5,4.5,4.0,4.75,,,,2.0,4.42,,13.5,13.75,,,11.5
3.2,5.75,,,,1.75,3.5,5.0,3.8,,3.42,,,11.0,,
5.0,7.75,5.75,5.0,5.0,,,,4.0,5.25,,15.75,15.0,,,14.75
3.2,3.0,,,,5.25,6.5,5.5,3.2,,5.75,,,14.75,,
3.4,5.0,,,,2.25,2.5,5.5,1.6,,3.42,,,9.75,10.0,
3.2,3.25,,,,3.0,6.0,6.75,2.8,,5.25,,,12.25,,
4.0,5.75,,,,4.25,7.0,8.0,3.8,,6.42,,,17.0,,
6.0,8.25,,,,4.25,7.25,9.0,,,6.83,,,19.75,,
6.4,6.5,,,,6.5,7.5,8.0,4.2,,7.33,,,20.5,,
4.4,7.75,,,,6.75,7.5,8.0,5.6,,7.42,,,22.0,,
5.0,6.0,,,,1.75,5.5,7.0,3.6,,4.75,,,13.25,,
6.4,8.75,,,,3.5,5.75,8.5,8.2,,5.92,,,18.0,,
5.8,7.75,,,,4.5,4.25,7.0,,,5.25,,,16.5,,
3.0,7.0,,,,5.25,6.75,6.5,3.4,,6.17,,,19.0,,
5.4,7.75,,,,4.25,6.25,9.5,,,6.67,,,18.25,,
5.0,9.0,,,,5.0,5.75,7.25,7.6,,6.0,,,19.75,,
5.4,8.75,,,,4.0,5.75,7.25,5.0,,5.67,,,18.5,,
7.2,7.25,,,,3.25,4.75,8.0,,,5.33,,,15.25,,
3.8,8.0,,,,5.5,8.0,5.25,3.6,,6.25,,,21.5,,
4.2,6.5,,,,3.25,6.0,6.25,6.0,,5.17,,,15.75,,
5.0,7.5,,,,4.75,6.75,9.0,8.2,,6.83,,,19.0,,
3.4,6.5,,,,3.5,7.75,8.0,3.6,,6.42,,,17.75,,
3.6,5.75,3.75,3.75,3.25,,,,3.2,3.58,,11.1,10.6,,,10.55
2.6,2.75,,,,2.75,3.25,6.0,1.8,,4.0,,,8.75,,
3.2,3.0,,,,3.0,3.25,5.75,3.6,,4.0,,,9.25,,
4.2,7.5,,,,3.5,6.25,7.0,2.4,,5.58,,,17.25,,
5.4,6.0,,,,3.5,7.0,8.75,6.6,,6.42,,,16.5,18.0,
6.2,6.25,6.75,6.0,6.0,,,,2.8,6.25,,18.95,18.2,,,15.75
6.0,5.0,5.75,4.0,3.0,,,,2.4,4.25,,15.75,13.0,,,14.15
5.4,6.0,,,,5.25,7.5,8.0,3.2,,6.92,,,18.75,,
4.4,6.0,,,,4.5,5.5,6.25,3.2,,5.42,,,16.0,,
3.4,5.25,,,,2.25,4.0,6.75,3.0,,4.33,,,11.5,,
3.0,6.0,,,,3.25,4.25,6.0,2.0,,4.5,,,13.5,11.0,
5.2,7.25,,,,4.25,5.75,7.25,3.6,,5.75,,,17.25,,
2.0,2.75,,,,5.75,5.75,5.0,2.2,,5.5,,,14.25,,
3.2,6.75,,,,3.25,4.25,6.5,2.4,,4.67,,,14.25,,
3.8,4.75,,,,4.0,5.25,6.75,2.2,,5.33,,,14.0,,
5.0,4.0,,,,4.5,6.5,8.5,2.8,,6.5,,,15.0,,
5.0,6.5,,,,4.5,6.75,9.0,2.0,,6.75,,,17.75,,
2.8,3.0,,,,2.0,4.5,5.75,2.6,,4.08,,,9.5,,
5.0,5.0,,,,4.75,6.5,8.0,2.0,,6.42,,,16.25,12.0,
4.2,5.75,3.75,3.0,4.0,,,,2.2,3.58,,10.95,11.2,,,10.15
4.4,5.0,,,,4.25,5.0,8.0,3.4,,5.75,,,14.25,,
2.8,6.5,,,,4.0,4.0,7.75,2.8,,5.25,,,14.5,,
2.8,5.25,,,,3.0,3.0,4.75,3.6,,3.58,,,11.25,,
4.0,6.0,,,,4.75,6.5,8.5,1.6,,6.58,,,17.25,,
5.2,6.25,,,,4.25,7.25,8.75,3.2,,6.75,,,17.75,,
3.4,6.5,,,,5.75,7.5,8.75,3.6,,7.33,,,19.75,,
5.0,5.75,,,,3.75,4.75,8.75,3.6,,5.75,,,14.25,,
2.6,4.5,,,,3.0,6.25,7.75,3.8,,5.67,,,13.75,,
4.0,5.0,,,,4.5,8.25,8.25,2.2,,7.0,,,17.75,,
3.2,2.75,,,,3.25,5.25,7.5,3.0,,5.33,,,11.25,,
4.0,4.5,,,,4.5,3.25,6.25,3.6,,4.67,,,12.25,,
5.4,5.0,,,,3.5,6.0,9.0,2.6,,6.17,,,14.5,13.0,
3.6,5.75,,,,3.5,4.0,5.75,2.8,,4.42,,,13.25,,
3.6,6.0,,,,4.0,6.0,7.25,2.6,,5.75,,,16.0,,
2.4,4.5,,,,1.75,4.5,5.75,3.0,,4.0,,,10.75,,
5.4,5.75,,,,4.25,8.0,9.25,4.0,,7.17,,,18.0,,
3.6,5.25,,,,5.0,6.5,7.75,2.6,,6.42,,,16.75,,
4.8,6.5,,,,5.75,6.25,8.5,3.6,,6.83,,,18.5,,
4.4,5.5,,,,5.5,8.0,8.5,2.2,,7.33,,,19.0,,
3.0,5.0,,,,4.25,6.25,7.75,2.2,,6.08,,,15.5,,
6.0,7.25,3.75,6.25,5.5,,,,3.4,5.17,,16.0,17.75,,,13.15
3.8,6.5,,,,3.0,6.25,8.0,2.4,,5.75,,,15.75,,
2.6,5.75,,,,3.0,5.25,7.0,3.0,,5.08,,,14.0,,
1.6,2.5,,,,2.0,3.75,4.75,3.0,,3.5,,,8.25,,
3.8,3.5,,,,4.5,7.25,6.75,2.4,,6.17,,,15.25,,
2.6,5.0,,,,3.5,5.25,7.75,2.6,,5.5,,,13.75,,
3.6,5.0,,,,3.5,7.25,6.5,3.4,,5.75,,,15.75,12.0,
3.6,8.5,,,,4.0,5.75,7.5,3.4,,5.75,,,18.25,,
3.6,7.25,,,,4.25,5.5,8.25,3.6,,6.0,,,17.0,,
4.0,6.25,,,,3.75,5.75,7.75,3.2,,5.75,,,15.75,,
3.0,5.75,,,,3.5,4.5,6.75,2.4,,4.92,,,13.75,,
3.2,4.75,,,,5.0,6.75,7.0,3.4,,6.25,,,16.5,,
4.6,7.75,,,,5.75,6.25,8.25,4.2,,6.75,,,19.75,,
7.2,7.75,,,,8.5,6.25,8.5,3.0,,7.75,,,22.5,,
2.4,6.25,,,,3.75,5.5,7.75,3.2,,5.67,,,15.5,,
3.0,7.25,,,,4.0,6.0,7.75,2.8,,5.92,,,17.25,,
3.0,7.5,,,,3.25,5.25,7.0,0.8,,5.17,,,16.0,,
5.2,7.5,,,,4.0,6.25,8.25,3.0,,6.17,,,17.75,,
4.8,5.25,,,,5.25,6.75,7.75,3.4,,6.58,,,17.25,,
2.4,5.75,,,,3.5,5.5,6.25,3.2,,5.08,,,14.75,,
4.2,5.25,,,,5.0,5.75,8.25,2.0,,6.33,,,16.0,,
3.4,5.25,,,,5.25,7.75,8.5,2.8,,7.17,,,18.25,,
1.6,5.0,,,,4.0,5.25,7.25,1.8,,5.5,,,14.25,,
4.6,5.0,,,,3.75,5.75,7.0,2.6,,5.5,,,14.5,,
3.8,4.0,,,,4.5,8.25,8.0,3.4,,6.92,,,16.75,,
3.6,5.75,,,,2.5,5.5,7.25,3.0,,5.08,,,13.75,,
3.6,4.5,,,,3.0,5.0,7.75,2.2,,5.25,,,12.5,,
2.8,5.0,,,,3.0,5.25,8.5,2.8,,5.58,,,13.25,,
2.8,6.5,,,,3.75,4.75,5.25,2.4,,4.58,,,15.0,,
5.6,8.0,,,,4.5,7.5,9.0,4.4,,7.0,,,20.0,18.0,
6.0,4.75,7.75,4.25,6.25,,,,5.8,6.08,,18.0,16.5,,,19.55
6.2,5.75,5.5,3.5,5.0,,,,2.8,4.67,,15.2,14.7,,,14.5
3.2,2.75,,,,2.25,3.75,,,,,,,8.75,,
2.2,2.75,,,,2.75,4.25,,,,,,,9.75,,
3.2,2.75,,,,3.75,3.5,,,,,,,10.0,,
1.8,4.5,,,,4.25,3.75,,,,,,,12.5,,
3.4,4.0,,,,3.5,6.75,,,,,,,14.25,,
4.0,5.5,,,,2.5,5.25,,,,,,,13.25,,
3.2,2.75,,,,2.0,5.25,,,,,,,10.0,,
3.4,3.0,,,,4.0,4.0,,,,,,,11.0,,
1.6,4.75,,,,3.25,4.25,,,,,,,12.25,,
3.2,2.75,,,,3.25,5.5,,,,,,,11.5,,
3.4,3.0,,,,4.5,6.25,,,,,,,13.75,,
2.6,4.5,,,,2.25,3.75,,,,,,,10.5,,
2.8,3.75,,,,3.0,5.5,,,,,,,12.25,,
2.6,5.75,,,,3.75,5.0,5.5,2.4,,4.75,,,14.5,,
4.0,6.0,,,,3.75,7.25,8.25,3.4,,6.42,,,17.0,,
5.4,7.25,,,,5.5,7.75,9.0,4.0,,7.42,,,20.5,,
3.4,3.75,,,,3.0,4.5,7.0,2.6,,4.83,,,11.25,,
3.0,6.5,,,,2.75,5.25,5.5,3.8,,4.5,,,14.5,,
5.2,7.25,6.0,4.5,4.75,,,,2.6,5.08,,15.7,14.45,,,13.8
2.2,6.75,,,,2.75,4.75,6.25,1.8,,4.58,,,14.25,,
3.0,5.0,,,,2.5,2.5,6.0,2.8,,3.67,,,10.0,,
2.6,6.5,,,,3.25,5.75,6.75,2.2,,5.25,,,15.5,,
3.0,4.75,,,,5.5,5.0,8.75,2.6,,6.42,,,15.25,,
3.0,3.5,,,,2.25,3.25,4.25,4.0,,3.25,,,9.0,,
3.6,5.25,,,,2.5,5.0,7.5,2.8,,5.0,,,12.75,,
6.2,5.0,,,,6.5,6.75,8.0,3.6,,7.08,,,18.25,,
4.4,8.0,,,,1.25,6.5,8.0,2.6,,5.25,,,15.75,15.0,
3.4,3.25,,,,2.5,3.5,6.75,2.8,,4.25,,,9.25,,
1.8,5.5,,,,3.0,6.25,7.25,2.0,,5.5,,,14.75,,
3.4,4.0,,,,3.75,5.25,6.5,2.8,,5.17,,,13.0,,
3.0,3.75,,,,3.25,4.5,6.5,2.4,,4.75,,,11.5,,
2.4,6.0,,,,2.25,4.0,4.75,2.2,,3.67,,,12.25,,
4.2,4.5,,,,2.25,4.75,4.75,3.0,,3.92,,,11.5,,
4.2,7.75,,,,7.0,9.0,8.25,3.8,,8.08,,,23.75,,
2.4,6.0,,,,5.25,5.5,4.75,2.0,,5.17,,,16.75,,
4.8,4.0,,,,2.25,4.5,,,,,,,10.75,,
3.8,6.0,,,,3.75,6.5,8.5,2.8,,6.25,,,16.25,,
6.0,7.0,5.25,5.25,7.0,,,,5.4,5.83,,16.5,18.25,,,16.65
2.6,6.5,,,,5.5,6.0,8.25,2.8,,6.58,,,18.0,,
2.4,4.75,,,,4.0,5.75,7.75,1.6,,5.83,,,14.5,,
4.0,8.0,,,,8.5,6.75,8.25,3.4,,7.83,,,23.25,,
3.6,6.5,,,,3.5,7.25,8.0,2.2,,6.25,,,17.25,,
3.2,6.0,,,,3.5,5.75,7.25,2.6,,5.5,,,15.25,,
3.8,6.5,,,,5.5,5.75,8.0,2.6,,6.42,,,17.75,,
2.6,6.0,,,,3.25,5.5,5.75,2.6,,4.83,,,14.75,,
2.6,5.5,,,,3.25,4.75,5.0,2.4,,4.33,,,13.5,,
3.2,5.5,,,,3.5,3.75,7.75,3.0,,5.0,,,12.75,,
4.8,7.25,,,,6.5,8.25,9.0,4.0,,7.92,,,22.0,,
5.2,7.25,,,,4.75,6.25,7.5,3.0,,6.17,,,18.25,,
3.8,8.25,,,,3.75,6.25,9.0,2.0,,6.33,,,18.25,,
2.2,2.75,,,,2.75,4.0,4.25,2.8,,3.67,,,9.5,,
5.2,5.0,,,,3.75,5.5,7.5,3.2,,5.58,,,14.25,,
3.6,5.0,,,,4.0,5.5,6.0,3.4,,5.17,,,14.5,12.0,
4.6,6.0,,,,2.0,4.75,6.5,4.0,,4.42,,,12.75,,
3.0,4.0,,,,3.5,6.25,7.25,3.0,,5.67,,,13.75,10.0,
3.8,7.25,,,,3.75,6.0,7.25,3.2,,5.67,,,17.0,,
4.4,5.5,,,,2.5,7.5,6.5,3.6,,5.5,,,15.5,,
5.4,7.25,,,,4.5,6.5,8.75,4.2,,6.58,,,18.25,,
4.4,6.5,,,,3.5,4.0,7.0,1.8,,4.83,,,14.0,,
2.2,5.5,,,,4.25,5.0,6.5,2.4,,5.25,,,14.75,,
4.0,6.25,,,,3.5,6.0,8.0,3.0,,5.83,,,15.75,,
4.0,8.5,,,,4.0,6.5,7.5,3.8,,6.0,,,19.0,,
3.2,7.75,,,,4.75,6.25,7.5,3.0,,6.17,,,18.75,,
3.6,6.0,,,,4.75,5.5,7.0,2.6,,5.75,,,16.25,,
4.6,4.5,,,,4.5,5.75,8.75,2.0,,6.33,,,14.75,,
4.8,6.5,,,,4.0,6.0,9.25,3.4,,6.42,,,16.5,,
2.6,5.5,,,,3.75,6.5,5.25,3.8,,5.17,,,15.75,,
2.8,2.75,,,,4.25,3.5,4.25,2.6,,4.0,,,10.5,,
4.4,6.75,2.5,2.75,4.25,,,,3.0,3.17,,9.65,11.4,,,9.9
5.8,8.0,,,,3.25,6.5,8.5,4.8,,6.08,,,17.75,,
3.6,6.25,,,,2.25,4.5,5.0,3.2,,3.92,,,13.0,,
3.2,6.0,,,,3.5,6.25,8.25,2.8,,6.0,,,15.75,12.0,
3.0,3.25,,,,5.0,7.25,8.5,1.4,,6.92,,,15.5,,
4.6,6.25,,,,4.0,6.5,7.5,3.4,,6.0,,,16.75,,
3.0,6.75,,,,4.75,4.5,6.25,2.2,,5.17,,,16.0,,
3.6,7.0,,,,4.5,4.75,6.5,2.0,,5.25,,,16.25,,
2.8,5.75,,,,2.25,5.75,7.0,3.0,,5.0,,,13.75,,
5.0,4.5,,,,4.75,7.25,8.0,4.6,,6.67,,,16.5,,
3.6,5.75,,,,3.25,5.5,7.75,2.4,,5.5,,,14.5,,
2.0,4.25,,,,3.0,4.25,4.5,2.2,,3.92,,,11.5,,
6.0,5.75,5.75,2.0,3.5,,,,4.0,3.75,,13.75,11.5,,,15.75
3.0,7.75,,,,4.25,6.5,8.0,1.4,,6.25,,,18.5,,
3.2,4.25,,,,2.25,4.0,5.0,2.8,,3.75,,,10.5,,
4.6,5.25,,,,3.25,4.5,6.75,2.6,,4.83,,,13.0,,
6.4,7.5,,,,6.5,7.25,9.25,4.0,,7.67,,,21.25,,
4.4,7.75,,,,4.5,7.0,7.25,2.2,,6.25,,,19.25,,
1.8,8.0,,,,4.0,7.0,7.5,2.8,,6.17,,,19.0,,
3.4,6.5,,,,3.5,5.5,6.5,2.8,,5.17,,,15.5,,
3.8,5.5,,,,4.0,4.0,7.25,1.6,,5.08,,,13.5,,
2.6,5.0,,,,4.5,5.5,5.75,3.0,,5.25,,,15.0,,
4.0,5.75,,,,4.5,5.75,7.5,4.2,,5.92,,,16.0,,
1.8,7.0,,,,2.0,5.0,5.0,2.6,,4.0,,,14.0,,
2.2,6.25,,,,2.5,3.5,5.75,2.4,,3.92,,,12.25,,
4.0,6.5,,,,1.5,4.75,5.75,3.6,,4.0,,,12.75,,
2.4,6.75,,,,3.5,5.5,6.25,2.6,,5.08,,,15.75,,
5.2,7.0,,,,6.25,8.5,8.75,3.8,,7.83,,,21.75,16.0,
4.4,6.25,,,,3.5,5.0,7.0,2.2,,5.17,,,14.75,,
3.4,7.0,,,,4.75,6.75,8.5,3.0,,6.67,,,18.5,,
2.4,6.0,,,,3.25,4.5,5.5,3.4,,4.42,,,13.75,,
3.6,6.25,,,,3.75,4.75,6.25,2.2,,4.92,,,14.75,,
4.2,6.5,,,,4.5,6.75,7.75,3.0,,6.33,,,17.75,,
2.0,5.5,,,,4.5,5.75,5.0,2.2,,5.08,,,15.75,,
4.0,5.75,,,,2.75,5.25,5.0,2.2,,4.33,,,13.75,,
3.0,6.25,,,,2.75,4.0,6.5,2.2,,4.42,,,13.0,,
2.6,3.25,,,,2.25,5.5,5.0,2.8,,4.25,,,11.0,,
3.4,6.0,,,,3.25,5.0,7.0,2.6,,5.08,,,14.25,12.0,
4.2,6.0,,,,5.75,5.75,7.5,2.4,,6.33,,,17.5,,
4.6,7.25,,,,4.5,6.75,7.25,3.2,,6.17,,,18.5,,
3.0,3.0,,,,2.0,5.0,7.5,2.8,,4.83,,,10.0,,
4.2,5.5,,,,4.5,7.0,9.25,4.0,,6.92,,,17.0,,
4.8,5.5,,,,3.75,5.0,8.75,3.4,,5.83,,,14.25,,
6.8,6.75,,,,2.25,5.25,8.25,3.6,,5.25,,,14.25,,
7.0,3.5,7.5,6.25,4.5,,,,3.2,6.08,,20.75,17.75,,,17.7
5.6,7.5,5.75,5.75,6.0,,,,3.4,5.83,,17.1,17.35,,,14.75
4.2,7.0,4.25,5.5,5.5,,,,3.2,5.08,,13.95,15.2,,,11.65
5.2,4.5,4.5,4.5,4.0,,,,4.8,4.33,,14.2,13.7,,,14.5
5.0,7.25,5.25,4.75,3.0,,,,2.2,4.33,,15.0,12.75,,,12.45
4.6,4.0,2.5,2.5,5.25,,,,3.2,3.42,,9.6,12.35,,,10.3
6.6,8.0,8.0,7.75,4.75,,,,4.8,6.83,,22.35,19.1,,,19.4
4.8,4.25,3.5,4.25,6.25,,,,2.4,4.67,,12.55,15.3,,,10.7
5.6,7.25,3.25,4.25,6.0,,,,2.8,4.5,,13.1,15.85,,,11.65
4.2,6.75,,,,2.75,4.0,5.0,2.0,,3.92,,,13.5,,
2.6,4.25,,,,2.25,3.5,5.25,2.4,,3.67,,,10.0,,
1.6,7.5,,,,3.75,5.25,5.5,3.8,,4.83,,,16.5,,
2.0,5.75,,,,5.5,5.5,8.0,2.2,,6.33,,,16.75,,
4.0,8.0,,,,3.5,6.5,7.0,5.4,,5.67,,,18.0,,
4.2,7.5,,,,4.0,5.75,7.5,2.6,,5.75,,,17.25,,
3.8,6.75,,,,3.5,4.25,6.5,3.6,,4.75,,,14.5,,
2.0,3.25,,,,3.0,2.75,3.75,2.0,,3.17,,,9.0,,
3.8,5.5,,,,3.0,4.5,5.25,3.2,,4.25,,,13.0,,
2.2,6.75,,,,4.25,5.5,8.0,2.6,,5.92,,,16.5,,
4.6,5.0,,,,3.0,5.25,6.5,3.2,,4.92,,,13.25,,
2.6,5.0,,,,3.75,4.25,5.75,2.2,,4.58,,,13.0,,
3.0,3.5,,,,2.75,2.75,4.0,3.2,,3.17,,,9.0,,
3.6,5.75,,,,4.0,6.25,6.75,2.6,,5.67,,,16.0,,
4.6,8.0,,,,5.75,7.75,9.5,4.0,,7.67,,,21.5,,
3.6,8.25,,,,3.25,7.75,8.25,4.0,,6.42,,,19.25,,
3.2,5.5,,,,4.5,5.25,7.0,2.4,,5.58,,,15.25,,
3.6,3.5,,,,3.25,6.25,5.75,2.6,,5.08,,,13.0,,
3.4,4.75,,,,3.5,5.0,6.5,2.6,,5.0,,,13.25,,
4.6,6.0,,,,3.5,7.75,7.5,3.6,,6.25,,,17.25,,
2.4,5.0,,,,4.5,6.25,6.25,1.0,,5.67,,,15.75,,
2.6,3.5,,,,3.75,4.75,5.25,2.4,,4.58,,,12.0,,
3.4,8.0,,,,4.75,4.5,8.25,4.8,,5.83,,,17.25,,
4.8,5.0,,,,2.25,5.75,7.5,2.2,,5.17,,,13.0,12.0,
4.6,5.25,,,,4.5,7.75,7.5,2.6,,6.58,,,17.5,,
2.6,4.5,,,,2.25,4.0,7.0,2.4,,4.42,,,10.75,,
3.6,5.25,,,,3.25,6.25,7.25,3.2,,5.58,,,14.75,,
6.2,7.25,,,,4.0,6.5,9.0,3.8,,6.5,,,17.75,,
2.8,3.5,,,,4.75,5.25,8.0,2.8,,6.0,,,13.5,,
3.8,6.75,,,,4.0,4.0,6.0,4.2,,4.67,,,14.75,,
4.6,5.75,,,,4.5,6.5,7.25,3.2,,6.08,,,16.75,,
4.6,5.75,,,,3.25,4.5,5.25,2.0,,4.33,,,13.5,,
3.6,6.25,,,,5.0,5.75,8.5,1.8,,6.42,,,17.0,,
5.0,7.5,,,,3.25,6.5,9.0,3.4,,6.25,,,17.25,,
2.4,3.75,,,,2.5,5.25,5.25,2.8,,4.33,,,11.5,,
5.8,6.5,6.25,6.5,6.0,,,,3.4,6.25,,18.55,18.3,,,15.45
3.2,5.0,,,,2.5,5.5,5.5,4.0,,4.5,,,13.0,,
2.2,3.5,,,,3.25,4.75,7.5,2.8,,5.17,,,11.5,,
3.2,3.0,,,,2.75,4.25,6.25,2.4,,4.42,,,10.0,,
2.0,4.5,,,,4.0,7.0,9.0,2.0,,6.67,,,15.5,,
1.8,4.0,,,,2.75,5.75,5.75,2.0,,4.75,,,12.5,,
2.0,5.75,,,,3.5,4.75,7.75,1.2,,5.33,,,14.0,,
3.0,4.5,,,,4.5,7.0,5.75,3.2,,5.75,,,16.0,,
3.8,6.0,,,,2.25,5.25,7.0,3.4,,4.83,,,13.5,,
2.8,6.25,,,,2.0,4.75,6.25,1.8,,4.33,,,13.0,,
2.2,6.0,,,,2.75,3.5,5.25,2.2,,3.83,,,12.25,,
5.2,3.25,,,,3.0,4.25,5.75,2.0,,4.33,,,10.5,,
5.8,7.0,3.75,5.0,7.75,,,,4.0,5.5,,14.55,18.55,,,13.55
4.8,6.75,,,,2.5,6.75,7.5,2.4,,5.58,,,16.0,,
3.0,4.0,3.5,2.5,4.25,3.75,5.5,6.75,2.6,3.42,5.33,9.0,9.75,13.25,,9.1
2.2,5.75,,,,2.5,4.0,7.5,1.2,,4.67,,,12.25,,
4.6,7.5,,,,4.0,5.5,6.75,3.0,,5.42,,,17.0,,
3.8,6.5,,,,2.75,5.25,8.5,4.0,,5.5,,,14.5,,
2.4,6.75,,,,2.5,5.5,8.0,3.6,,5.33,,,14.75,,
4.6,7.25,,,,5.0,6.25,8.75,4.2,,6.67,,,18.5,,
2.2,7.25,,,,2.75,5.75,7.0,2.2,,5.17,,,15.75,,
3.2,6.0,,,,2.75,5.75,6.0,3.4,,4.83,,,14.5,,
6.4,4.5,,,,6.0,7.5,8.5,5.8,,7.33,,,18.0,,
2.6,4.25,,,,3.0,6.0,7.25,3.0,,5.42,,,13.25,,
2.4,6.0,,,,2.5,5.0,8.25,3.8,,5.25,,,13.5,,
3.0,3.5,,,,2.5,4.75,6.25,1.8,,4.5,,,10.75,,
4.0,4.5,,,,2.5,5.0,7.5,2.8,,5.0,,,12.0,,
3.6,5.0,,,,3.25,5.75,6.75,2.4,,5.25,,,14.0,11.0,
6.6,6.75,,,,3.0,7.0,7.75,4.8,,5.92,,,16.75,,
5.0,6.75,,,,3.75,7.25,8.25,3.6,,6.42,,,17.75,,
5.0,6.0,3.0,3.25,3.5,,,,2.8,3.25,,11.25,11.75,,,10.8
2.8,5.75,,,,3.75,5.75,6.25,3.0,,5.25,,,15.25,,
3.4,3.25,,,,3.0,5.75,6.0,2.2,,4.92,,,12.0,,
2.0,8.0,,,,1.75,5.25,6.75,2.6,,4.58,,,15.0,,
3.8,5.5,,,,4.25,5.0,7.25,2.4,,5.5,,,14.75,,
3.6,6.5,,,,4.25,5.0,7.25,4.0,,5.5,,,15.75,,
4.0,6.5,,,,3.25,7.0,7.75,3.2,,6.0,,,16.75,,
3.6,7.5,,,,4.0,6.5,5.75,2.4,,5.42,,,18.0,,
5.0,6.5,,,,3.75,5.75,6.5,3.2,,5.33,,,16.0,,
2.8,5.75,,,,2.75,4.25,6.0,2.2,,4.33,,,12.75,,
3.4,6.0,,,,3.25,5.25,7.25,2.0,,5.25,,,14.5,,
3.4,7.5,,,,2.25,4.75,6.5,3.4,,4.5,,,14.5,,
3.6,7.0,,,,2.75,6.5,7.5,2.2,,5.58,,,16.25,,
3.2,4.5,,,,2.75,3.0,5.75,2.2,,3.83,,,10.25,,
1.8,5.0,,,,3.25,5.75,6.75,1.8,,5.25,,,14.0,,
3.6,6.5,,,,3.5,6.75,9.0,2.8,,6.42,,,16.75,,
3.4,6.5,,,,3.0,4.75,6.75,3.0,,4.83,,,14.25,,
4.0,5.0,,,,2.0,3.75,6.5,3.0,,4.08,,,10.75,12.0,
2.6,7.0,,,,3.5,5.75,9.0,2.0,,6.08,,,16.25,,
3.4,6.0,,,,3.75,5.25,7.75,3.4,,5.58,,,15.0,,
4.2,4.75,,,,3.25,4.5,5.25,2.0,,4.33,,,12.5,,
2.4,6.0,,,,4.0,5.0,4.5,2.0,,4.5,,,15.0,,
4.0,4.75,,,,6.0,5.0,6.25,2.8,,5.75,,,15.75,,
4.0,7.5,,,,3.75,4.25,5.25,3.0,,4.42,,,15.5,,
1.2,2.5,,,,3.25,6.25,4.0,3.0,,4.5,,,12.0,,
2.8,5.75,,,,3.5,7.0,7.0,2.6,,5.83,,,16.25,,
3.2,3.5,,,,3.5,5.75,6.75,3.0,,5.33,,,12.75,,
4.0,7.0,,,,4.5,6.75,8.75,3.2,,6.67,,,18.25,,
3.2,6.75,,,,3.25,3.25,5.25,2.8,,3.92,,,13.25,,
2.8,5.0,,,,3.75,6.5,6.25,1.2,,5.5,,,15.25,9.0,
2.2,5.0,,,,4.5,7.0,6.25,2.6,,5.92,,,16.5,,
1.8,3.5,,,,1.75,4.75,3.25,3.2,,3.25,,,10.0,,
1.4,3.25,,,,2.25,3.5,5.25,3.8,,3.67,,,9.0,,
5.6,6.75,,,,3.5,7.0,7.75,4.2,,6.08,,,17.25,,
4.6,6.25,,,,3.25,6.25,6.5,2.8,,5.33,,,15.75,,
3.2,3.25,,,,2.5,2.75,3.0,2.6,,2.75,,,8.5,,
6.4,6.75,5.25,7.25,8.25,,,,2.4,6.92,,18.9,21.9,,,14.05
4.4,6.0,,,,4.0,6.25,6.25,3.2,,5.5,,,16.25,,
4.2,7.5,,,,5.25,6.5,7.75,3.8,,6.5,,,19.25,,
4.2,6.75,,,,3.5,5.5,8.25,3.0,,5.75,,,15.75,,
4.8,5.5,,,,4.75,5.75,8.25,2.2,,6.25,,,16.0,,
5.0,7.0,,,,5.75,6.5,8.75,3.2,,7.0,,,19.25,,
2.4,5.5,,,,2.75,4.5,6.0,2.2,,4.42,,,12.75,,
2.4,4.5,,,,3.75,5.75,7.25,2.4,,5.58,,,14.0,,
2.4,4.5,,,,5.25,4.75,5.75,2.2,,5.25,,,14.5,,
4.2,5.0,,,,5.0,8.25,8.75,2.6,,7.33,,,18.25,,
2.8,5.0,,,,4.25,4.5,6.75,3.0,,5.17,,,13.75,,
2.8,4.75,,,,3.5,3.25,5.5,3.0,,4.08,,,11.5,,
2.4,3.25,,,,2.75,1.75,3.5,2.8,,2.67,,,7.75,,
3.4,7.0,,,,6.25,6.25,8.0,3.8,,6.83,,,19.5,,
2.2,5.0,,,,3.75,5.25,6.5,3.0,,5.17,,,14.0,,
3.4,7.0,,,,5.0,5.75,6.5,2.6,,5.75,,,17.75,13.0,
4.4,6.75,,,,3.0,6.0,6.0,2.6,,5.0,,,15.75,,
3.8,5.5,,,,3.0,7.0,7.25,3.4,,5.75,,,15.5,,
4.0,5.75,,,,5.25,7.0,8.0,2.4,,6.75,,,18.0,,
5.6,7.25,,,,4.5,6.75,8.5,4.0,,6.58,,,18.5,,
4.2,6.5,,,,2.75,6.0,7.25,3.8,,5.33,,,15.25,,
3.4,4.75,,,,2.25,4.25,4.75,2.6,,3.75,,,11.25,,
3.4,7.25,,,,3.5,7.0,7.0,3.2,,5.83,,,17.75,,
5.2,7.0,,,,3.5,4.25,7.5,2.0,,5.08,,,14.75,,
3.8,5.0,,,,2.75,5.25,6.5,2.2,,4.83,,,13.0,11.0,
3.8,4.25,,,,2.25,6.0,7.25,3.0,,5.17,,,12.5,,
5.0,8.5,,,,6.75,7.75,9.0,3.4,,7.83,,,23.0,,
3.8,2.5,,,,2.25,4.75,4.0,3.0,,3.67,,,9.5,,
3.4,6.0,,,,3.25,5.0,7.0,3.0,,5.08,,,14.25,,
4.0,6.25,,,,5.75,6.75,8.25,3.0,,6.92,,,18.75,,
4.8,7.5,,,,5.5,8.5,8.5,5.0,,7.5,,,21.5,,
2.6,5.75,,,,3.0,5.25,7.0,2.4,,5.08,,,14.0,,
5.8,4.5,4.0,2.75,2.0,,,,2.6,2.92,,12.55,10.55,,,12.4
6.8,4.5,6.0,5.25,6.25,,,,3.8,5.83,,18.05,18.3,,,16.6
3.6,6.0,3.0,3.5,3.75,,,,1.8,3.42,,10.1,10.85,,,8.4
4.2,5.5,,,,3.5,6.5,7.75,2.0,,5.92,,,15.5,,
4.0,6.25,,,,3.75,6.25,7.5,2.4,,5.83,,,16.25,,
2.6,5.5,,,,4.25,3.5,6.0,2.8,,4.58,,,13.25,,
3.8,4.5,,,,4.0,6.5,7.25,2.2,,5.92,,,15.0,,
4.4,7.5,,,,5.25,7.75,8.25,3.0,,7.08,,,20.5,,
3.4,4.5,,,,5.5,3.25,8.25,2.6,,5.67,,,13.25,,
2.8,4.25,,,,3.5,4.75,6.5,2.6,,4.92,,,12.5,,
5.4,6.0,,,,3.5,6.0,6.75,3.0,,5.42,,,15.5,,
3.6,3.25,,,,3.75,4.75,4.75,3.8,,4.42,,,11.75,,
4.0,5.0,,,,3.5,4.75,6.25,2.8,,4.83,,,13.25,,
4.0,6.25,,,,6.25,6.5,7.0,1.8,,6.58,,,19.0,,
3.8,3.0,,,,3.75,7.5,7.0,2.2,,6.08,,,14.25,9.0,
3.2,5.5,,,,2.75,4.75,6.75,2.8,,4.75,,,13.0,,
4.6,7.0,,,,4.75,5.5,8.5,2.4,,6.25,,,17.25,14.0,
5.0,7.0,,,,4.5,7.0,9.25,2.8,,6.92,,,18.5,,
4.4,8.5,5.5,5.25,5.5,3.75,7.0,8.75,3.4,5.42,6.5,15.15,15.15,19.25,,13.3
3.2,4.0,,,,3.0,4.75,4.25,3.0,,4.0,,,11.75,,
6.0,7.0,,,,6.25,8.25,8.75,4.2,,7.75,,,21.5,,
2.8,7.5,,,,4.25,6.0,8.25,2.8,,6.17,,,17.75,,
4.8,7.5,,,,4.0,6.0,8.25,3.8,,6.08,,,17.5,,
4.8,8.0,,,,4.75,6.5,7.25,5.4,,6.17,,,19.25,,
5.0,7.25,,,,2.5,6.75,7.5,3.4,,5.58,,,16.5,,
2.2,3.0,,,,2.0,5.0,5.0,3.6,,4.0,,,10.0,,
3.0,5.75,,,,3.0,6.0,6.5,2.0,,5.17,,,14.75,,
4.8,8.75,,,,6.25,6.5,8.5,5.0,,7.08,,,21.5,,
5.8,5.0,,,,2.75,5.75,6.0,3.0,,4.83,,,13.5,,
4.2,6.0,,,,4.25,6.5,7.5,3.0,,6.08,,,16.75,,
2.6,2.75,,,,3.5,5.0,6.0,2.0,,4.83,,,11.25,,
3.6,4.0,,,,3.5,4.25,4.5,2.2,,4.08,,,11.75,,
3.2,5.5,,,,4.5,7.25,8.0,2.0,,6.58,,,17.25,,
3.8,5.5,,,,3.75,5.75,8.25,3.6,,5.92,,,15.0,,
1.8,6.5,,,,3.0,7.5,7.25,2.4,,5.92,,,17.0,,
2.2,4.5,,,,4.5,6.75,7.25,3.4,,6.17,,,15.75,,
2.2,2.75,,,,3.0,4.5,7.5,2.8,,5.0,,,10.25,,
4.4,6.0,,,,5.25,6.5,8.25,2.8,,6.67,,,17.75,,
3.8,6.5,,,,4.5,6.75,8.0,2.0,,6.42,,,17.75,,
2.8,4.75,,,,4.0,4.0,4.75,2.8,,4.25,,,12.75,,
2.0,4.0,,,,3.5,6.25,6.75,2.2,,5.5,,,13.75,,
3.8,5.5,,,,2.5,4.75,3.5,2.2,,3.58,,,12.75,,
3.4,2.0,,,,4.25,6.5,6.5,3.0,,5.75,,,12.75,,
4.8,4.5,,,,4.5,7.75,7.25,3.2,,6.5,,,16.75,,
4.2,5.25,,,,3.5,6.25,6.5,3.8,,5.42,,,15.0,,
4.8,7.5,,,,7.75,7.75,8.25,4.2,,7.92,,,23.0,,
5.0,7.75,,,,3.0,5.75,7.0,3.2,,5.25,,,16.5,,
2.8,6.0,,,,2.25,6.0,7.0,3.0,,5.08,,,14.25,,
5.6,7.0,,,,4.0,5.25,8.0,4.2,,5.75,,,16.25,,
1.8,4.5,,,,3.0,4.75,7.25,3.0,,5.0,,,12.25,,
4.4,6.75,,,,4.25,5.5,8.75,3.0,,6.17,,,16.5,,
5.0,7.25,,,,2.25,7.25,5.75,3.2,,5.08,,,16.75,,
2.4,7.5,,,,5.25,6.25,7.25,2.8,,6.25,,,19.0,,
5.8,5.25,,,,4.5,6.5,9.0,4.4,,6.67,,,16.25,,
4.8,6.0,,,,5.0,6.5,9.25,3.6,,6.92,,,17.5,,
3.4,4.0,,,,3.5,4.75,5.75,1.8,,4.67,,,12.25,,
3.0,7.75,,,,3.0,4.75,6.75,1.8,,4.83,,,15.5,,
3.6,6.75,,,,4.5,6.0,8.75,3.6,,6.42,,,17.25,,
3.4,5.0,,,,4.25,6.5,7.75,2.2,,6.17,,,15.75,,
3.8,3.25,,,,3.5,5.5,7.0,2.6,,5.33,,,12.25,,
4.2,7.0,,,,4.5,6.5,9.0,2.8,,6.67,,,18.0,14.0,
3.8,6.0,,,,3.5,4.0,5.25,2.4,,4.25,,,13.5,,
5.2,7.25,,,,4.5,6.75,9.25,3.0,,6.83,,,18.5,,
1.4,4.5,,,,3.75,4.75,4.75,3.8,,4.42,,,13.0,,
4.0,7.75,,,,4.25,5.75,7.5,3.0,,5.83,,,17.75,,
2.6,6.25,,,,3.5,5.5,8.5,2.8,,5.83,,,15.25,,
3.6,5.25,,,,3.5,4.5,4.5,1.8,,4.17,,,13.25,,
4.0,5.75,,,,3.5,5.25,6.75,2.8,,5.17,,,14.5,,
2.6,3.0,,,,2.5,3.5,3.25,2.6,,3.08,,,9.0,,
3.2,6.25,,,,2.0,3.5,7.5,3.0,,4.33,,,11.75,,
3.2,5.5,,,,2.5,3.25,7.0,3.2,,4.25,,,11.25,,
4.2,7.0,,,,3.75,4.75,5.5,3.6,,4.67,,,15.5,,
4.4,6.0,,,,5.25,6.75,8.0,2.8,,6.67,,,18.0,,
4.6,6.75,,,,4.5,5.5,7.75,3.8,,5.92,,,16.75,,
1.8,4.75,,,,2.5,4.5,4.5,2.6,,3.83,,,11.75,,
4.0,7.5,,,,3.25,5.5,6.75,2.8,,5.17,,,16.25,,
6.0,4.0,5.0,7.25,4.75,,,,3.2,5.67,,18.25,18.0,,,14.2
3.8,4.0,,,,4.0,7.5,8.0,2.4,,6.5,,,15.5,,
2.2,4.5,,,,2.75,3.5,5.75,1.4,,4.0,,,10.75,,
2.6,5.75,,,,4.25,6.0,6.25,2.8,,5.5,,,16.0,,
3.6,6.0,,,,2.0,3.0,3.0,2.8,,2.67,,,11.0,,
6.0,6.25,,,,6.5,8.0,8.0,3.6,,7.5,,,20.75,,
4.0,6.75,,,,6.0,7.25,7.0,2.6,,6.75,,,20.0,,
4.4,6.5,,,,4.75,5.75,7.0,2.6,,5.83,,,17.0,,
3.2,5.5,,,,5.5,4.75,6.5,3.8,,5.58,,,15.75,,
7.8,8.25,,,,4.0,6.0,6.5,6.2,,5.5,,,18.25,,
2.2,5.25,,,,3.75,4.5,5.75,3.4,,4.67,,,13.5,,
5.0,8.5,,,,5.5,6.5,8.0,3.0,,6.67,,,20.5,,
3.6,3.75,,,,2.75,5.5,6.5,2.6,,4.92,,,12.0,,
6.4,8.5,5.25,4.5,4.0,,,,5.0,4.58,,16.15,14.9,,,16.65
2.8,5.5,,,,3.5,5.75,7.25,2.2,,5.5,,,14.75,,
2.8,6.0,,,,3.0,5.75,5.75,2.0,,4.83,,,14.75,,
4.4,7.5,,,,3.5,5.75,8.75,2.2,,6.0,,,16.75,,
3.2,6.25,,,,2.5,5.25,6.75,2.6,,4.83,,,14.0,,
4.2,8.75,,,,5.25,6.5,6.75,3.0,,6.17,,,20.5,,
3.2,8.25,,,,3.5,6.0,7.25,4.4,,5.58,,,17.75,,
2.4,5.5,,,,2.25,4.25,5.75,2.4,,4.08,,,12.0,,
3.2,6.25,,,,3.25,5.0,7.5,3.8,,5.25,,,14.5,,
4.4,6.5,,,,4.5,6.75,7.25,2.0,,6.17,,,17.75,,
3.8,2.5,,,,2.25,4.25,7.0,3.0,,4.5,,,9.0,,
1.6,5.25,,,,3.0,4.25,4.5,3.6,,3.92,,,12.5,,
4.2,6.5,,,,2.5,6.25,7.5,4.6,,5.42,,,15.25,,
4.4,8.5,,,,4.25,5.5,6.75,3.2,,5.5,,,18.25,,
5.4,6.5,,,,4.25,5.25,7.0,2.2,,5.5,,,16.0,,
3.2,5.0,,,,2.75,5.0,5.5,2.6,,4.42,,,12.75,,
4.0,7.0,,,,4.75,5.0,7.75,3.8,,5.83,,,16.75,,
4.6,7.0,,,,5.5,7.0,8.75,2.8,,7.08,,,19.5,,
2.6,5.5,,,,3.5,5.0,7.5,3.0,,5.33,,,14.0,,
5.8,5.5,,,,5.25,6.5,7.75,3.0,,6.5,,,17.25,,
3.8,6.5,,,,2.5,5.0,6.75,4.0,,4.75,,,14.0,,
5.0,7.0,,,,4.0,4.5,6.0,2.0,,4.83,,,15.5,14.0,
5.0,5.25,,,,3.75,6.5,8.5,2.8,,6.25,,,15.5,,
4.4,6.25,,,,3.25,4.75,6.0,2.2,,4.67,,,14.25,,
5.6,6.0,,,,5.5,6.5,6.75,4.0,,6.25,,,18.0,,
6.4,7.5,3.25,5.5,6.5,,,,3.6,5.08,,15.15,18.4,,,13.25
5.2,7.0,6.0,6.25,6.0,,,,4.0,6.08,,17.45,17.45,,,15.2
3.6,7.25,,,,3.25,4.75,7.5,4.6,,5.17,,,15.25,,
3.4,6.25,,,,3.5,5.25,8.0,2.4,,5.58,,,15.0,,
3.6,8.0,,,,4.75,5.5,8.0,2.4,,6.08,,,18.25,14.0,
2.8,4.5,,,,3.5,3.5,5.25,2.6,,4.08,,,11.5,,
2.2,4.75,,,,2.75,5.75,5.25,2.2,,4.58,,,13.25,,
5.6,6.5,4.0,4.25,3.5,,,,4.8,3.92,,13.85,13.35,,,14.4
4.4,4.75,3.75,5.0,3.75,,,,2.8,4.17,,13.15,13.15,,,10.95
6.0,3.5,6.0,6.75,4.5,,,,3.0,5.75,,18.75,17.25,,,15.0
6.6,7.75,4.0,6.75,7.75,,,,3.4,6.17,,17.35,21.1,,,14.0
4.4,2.5,4.25,6.0,4.25,,,,4.8,4.83,,14.65,14.65,,,13.45
6.4,6.75,6.0,5.75,7.75,,,,1.8,6.5,,18.15,19.9,,,14.2
5.4,6.0,,,,3.75,6.25,7.75,3.0,,5.92,,,16.0,,
3.2,4.0,,,,2.0,5.25,5.75,2.0,,4.33,,,11.25,,
5.2,7.5,,,,5.5,8.25,9.5,4.6,,7.75,,,21.25,,
3.8,3.75,,,,3.25,6.5,7.5,4.4,,5.75,,,13.5,,
4.2,3.75,,,,4.5,7.5,8.5,2.0,,6.83,,,15.75,,
2.0,5.75,,,,2.25,5.25,7.75,3.0,,5.08,,,13.25,,
3.4,3.0,,,,3.25,4.25,5.0,2.4,,4.17,,,10.5,,
4.2,7.5,,,,4.5,5.75,8.5,3.6,,6.25,,,17.75,,
2.6,6.0,,,,3.0,5.75,5.0,2.6,,4.58,,,14.75,,
4.0,6.5,,,,5.25,6.25,8.25,2.4,,6.58,,,18.0,,
4.6,7.25,,,,4.5,7.5,8.5,4.4,,6.83,,,19.25,,
6.0,6.5,5.0,3.75,5.0,,,,3.2,4.58,,14.75,14.75,,,14.2
3.0,6.75,,,,4.25,6.5,8.5,4.4,,6.42,,,17.5,,
3.6,7.0,,,,3.5,4.75,5.25,1.8,,4.5,,,15.25,,
4.4,3.5,,,,4.0,5.75,7.25,3.4,,5.67,,,13.25,,
3.0,6.0,,,,2.75,6.0,6.25,2.8,,5.0,,,14.75,,
6.0,8.0,,,,5.5,6.25,8.75,3.8,,6.83,,,19.75,,
2.4,7.25,,,,3.5,6.5,7.75,2.8,,5.92,,,17.25,,
3.4,7.0,,,,3.25,4.75,5.25,3.0,,4.42,,,15.0,,
6.0,4.5,4.25,4.75,6.5,,,,3.2,5.17,,15.0,17.25,,,13.45
4.8,7.75,,,,5.0,6.0,7.5,2.4,,6.17,,,18.75,,
4.6,6.25,,,,3.75,5.5,7.5,4.0,,5.58,,,15.5,,
3.8,4.25,,,,4.25,4.25,5.75,2.4,,4.75,,,12.75,,
2.8,4.5,,,,3.75,5.25,4.5,2.0,,4.5,,,13.5,,
2.2,4.0,,,,2.25,4.25,5.0,2.8,,3.83,,,10.5,9.0,
5.0,7.5,,,,3.5,6.75,7.5,3.6,,5.92,,,17.75,,
4.4,7.0,,,,4.25,6.75,8.25,4.2,,6.42,,,18.0,,
4.0,6.0,,,,4.0,6.0,8.0,2.8,,6.0,,,16.0,,
4.8,6.25,,,,5.5,6.0,8.0,4.0,,6.5,,,17.75,,
3.0,5.75,,,,3.0,6.25,6.5,3.0,,5.25,,,15.0,,
3.4,1.5,,,,2.75,2.75,5.75,2.2,,3.75,,,7.0,,
2.6,2.25,,,,3.0,6.5,6.5,4.4,,5.33,,,11.75,,
4.0,6.5,,,,1.75,5.25,7.5,3.4,,4.83,,,13.5,,
4.2,5.25,,,,3.25,4.5,5.75,3.2,,4.5,,,13.0,,
3.8,5.25,,,,4.0,7.0,8.75,4.8,,6.58,,,16.25,,
3.6,8.5,,,,8.0,7.25,8.25,2.0,,7.83,,,23.75,,
3.0,4.5,,,,2.75,5.25,5.75,3.2,,4.58,,,12.5,,
4.4,5.5,,,,3.75,6.75,8.5,3.6,,6.33,,,16.0,,
4.2,6.0,,,,4.0,7.0,9.25,2.8,,6.75,,,17.0,13.0,
5.2,5.0,,,,4.5,6.0,7.5,3.6,,6.0,,,15.5,,
2.2,3.0,,,,3.75,4.0,8.0,2.0,,5.25,,,10.75,,
3.8,6.5,,,,6.75,7.5,9.0,3.4,,7.75,,,20.75,,
4.2,6.75,,,,4.25,5.75,7.25,2.0,,5.75,,,16.75,,
3.4,7.75,,,,4.0,4.75,8.0,3.2,,5.58,,,16.5,,
4.0,8.25,,,,6.0,7.0,8.25,2.8,,7.08,,,21.25,,
3.4,5.75,,,,4.0,5.25,7.25,3.6,,5.5,,,15.0,,
5.8,6.25,4.25,4.25,4.0,,,,4.8,4.17,,14.3,14.05,,,14.85
3.4,3.75,,,,3.75,6.5,5.75,2.6,,5.33,,,14.0,,
3.8,4.25,,,,3.75,4.5,6.75,2.0,,5.0,,,12.5,,
4.4,6.5,,,,4.0,5.75,8.25,3.0,,6.0,,,16.25,,
6.6,7.5,5.25,6.0,6.0,,,,4.8,5.75,,17.85,18.6,,,16.65
4.8,7.75,,,,4.5,7.5,8.5,3.6,,6.83,,,19.75,,
3.4,4.25,,,,5.75,5.25,7.75,2.0,,6.25,,,15.25,,
2.2,4.75,,,,3.75,5.75,7.75,2.4,,5.75,,,14.25,,
4.2,4.25,,,,5.0,5.0,8.0,2.6,,6.0,,,14.25,,
3.0,3.75,,,,2.25,5.25,6.75,2.2,,4.75,,,11.25,,
6.8,6.75,5.0,6.25,6.25,,,,4.0,5.83,,18.05,19.3,,,15.8
1.2,6.25,,,,4.25,5.25,7.25,3.8,,5.58,,,15.75,,
3.0,4.5,,,,4.5,4.5,6.75,3.2,,5.25,,,13.5,,
5.4,7.5,,,,4.75,6.25,8.25,3.0,,6.42,,,18.5,,
2.4,4.5,,,,3.25,4.5,6.25,3.2,,4.67,,,12.25,,
1.4,5.0,,,,2.75,4.5,5.75,2.0,,4.33,,,12.25,,
3.8,5.0,,,,4.25,5.0,7.0,3.4,,5.42,,,14.25,,
4.4,5.25,,,,3.0,6.0,6.0,3.2,,5.0,,,14.25,,
5.0,5.25,,,,4.5,6.25,8.0,4.0,,6.25,,,16.0,,
5.4,8.25,4.25,4.75,6.5,,,,4.2,5.17,,14.4,16.65,,,13.85
2.0,5.5,,,,4.5,5.25,6.75,2.6,,5.5,,,15.25,,
4.0,6.0,,,,3.5,5.5,5.75,2.8,,4.92,,,15.0,,
3.2,7.0,,,,3.0,4.0,7.5,2.2,,4.83,,,14.0,,
5.0,8.0,,,,4.0,8.75,9.25,3.2,,7.33,,,20.75,,
2.6,4.0,,,,4.5,6.0,6.5,2.8,,5.67,,,14.5,,
4.0,7.0,,,,2.75,6.25,8.5,2.6,,5.83,,,16.0,,
5.4,6.0,4.75,6.0,7.0,,,,3.2,5.92,,16.15,18.4,,,13.35
5.2,6.75,,,,4.75,6.25,8.0,4.0,,6.33,,,17.75,,
3.0,4.5,,,,4.75,5.5,6.0,2.6,,5.42,,,14.75,,
4.0,6.5,,,,5.75,7.0,8.75,3.2,,7.17,,,19.25,,
2.2,5.5,,,,3.25,5.25,6.25,2.4,,4.92,,,14.0,,
3.6,6.75,,,,2.75,6.25,7.5,1.4,,5.5,,,15.75,,
5.4,6.75,,,,6.5,7.25,8.5,3.8,,7.42,,,20.5,,
3.8,6.0,,,,5.25,7.25,7.25,2.4,,6.58,,,18.5,,
7.2,8.25,,,,2.0,6.75,8.75,9.0,,5.83,,,17.0,,
5.8,9.0,,,,7.25,7.0,7.75,4.2,,7.33,,,23.25,19.0,
4.4,4.5,,,,4.25,7.0,7.75,4.4,,6.33,,,15.75,,
5.2,5.75,,,,4.0,5.0,4.75,5.0,,4.58,,,14.75,,
4.0,7.25,,,,3.75,6.5,6.5,3.8,,5.58,,,17.5,,
8.4,5.75,7.5,3.75,3.0,,,,6.8,4.75,,19.65,15.15,,,22.7
5.2,8.25,,,,5.0,7.25,5.75,7.6,,6.0,,,20.5,,
5.6,3.5,3.5,7.25,5.75,,,,6.8,5.5,,16.35,18.6,,,15.9
6.0,5.0,7.0,4.0,3.75,,,,6.0,4.92,,17.0,13.75,,17.0,19.0
4.2,8.0,,,,6.5,8.5,8.25,3.4,,7.75,,,23.0,,
5.4,5.0,6.0,2.5,3.25,,,,4.8,3.92,,13.9,11.15,,,16.2
7.8,6.5,8.0,7.0,4.0,,,,4.0,6.33,,22.8,18.8,,,19.8
6.4,5.25,8.25,7.5,6.0,,,,6.8,7.25,,22.15,19.9,,,21.45
6.4,7.0,5.5,5.75,3.0,,,,6.6,4.75,,17.65,15.15,,20.0,18.5
5.6,5.5,4.5,5.5,5.0,,,,5.2,5.0,,15.6,16.1,,,15.3
5.2,5.0,5.5,5.0,4.5,,,,2.2,5.0,,15.7,14.7,,,12.9
8.8,6.0,8.25,8.25,4.75,,,,7.0,7.08,,25.3,21.8,,,24.05
4.0,4.75,,,,3.25,5.75,7.0,3.8,,5.33,,,13.75,,
3.0,3.75,,,,2.5,4.25,5.5,1.8,,4.08,,,10.5,,
1.8,2.5,,,,4.0,6.5,7.75,2.8,,6.08,,,13.0,,
5.6,8.5,,,,8.0,7.75,8.0,3.4,,7.92,,,24.25,,
5.8,6.75,,,,5.0,7.0,9.25,3.6,,7.08,,,18.75,,
6.6,8.0,,,,6.25,7.25,7.0,3.8,,6.83,,,21.5,,
5.2,4.75,,,,3.75,6.0,7.75,7.4,,5.83,,,14.5,,
3.2,7.0,,,,4.25,5.25,7.25,4.0,,5.58,,,16.5,,
2.4,3.75,,,,3.5,5.25,6.25,1.6,,5.0,,,12.5,,
5.8,7.0,,,,4.5,7.75,7.75,4.0,,6.67,,,19.25,,
5.6,6.25,,,,3.0,5.0,6.75,4.4,,4.92,,,14.25,,
4.0,5.25,,,,4.0,5.0,7.75,2.6,,5.58,,,14.25,,
1.8,4.0,,,,2.0,4.75,5.25,2.4,,4.0,,,10.75,,
4.4,6.0,,,,4.0,6.25,7.5,3.0,,5.92,,,16.25,,
5.0,4.0,,,,3.25,6.0,6.75,2.6,,5.33,,,13.25,,
4.2,5.75,,,,2.5,6.25,7.5,2.4,,5.42,,,14.5,,
3.4,6.0,,,,3.0,6.25,6.25,3.2,,5.17,,,15.25,,
5.0,4.0,,,,3.75,6.25,7.0,3.6,,5.67,,,14.0,,
2.4,3.25,,,,3.0,5.0,6.25,2.6,,4.75,,,11.25,,
2.6,4.25,,,,3.0,4.75,5.75,1.6,,4.5,,,12.0,,
3.0,5.75,,,,4.25,4.0,6.0,2.8,,4.75,,,14.0,,
5.0,6.75,3.75,6.0,5.0,,,,3.8,4.92,,14.75,16.0,,,12.55
3.8,5.75,,,,4.0,6.0,7.75,2.2,,5.92,,,15.75,,
4.8,3.75,,,,4.75,4.0,8.0,2.6,,5.58,,,12.5,,
4.4,7.75,,,,5.25,6.0,8.75,3.2,,6.67,,,19.0,,
3.2,6.5,,,,3.5,6.25,8.25,4.0,,6.0,,,16.25,,
4.0,6.25,,,,4.25,4.25,5.75,2.4,,4.75,,,14.75,,
5.0,7.5,,,,3.0,7.25,8.25,4.4,,6.17,,,17.75,,
4.6,6.75,,,,3.25,6.25,7.75,2.2,,5.75,,,16.25,,
3.0,6.0,,,,3.5,5.5,7.0,1.6,,5.33,,,15.0,,
3.4,6.0,,,,1.5,5.25,6.75,3.2,,4.5,,,12.75,,
3.8,5.5,,,,4.25,6.75,7.5,3.4,,6.17,,,16.5,,
5.0,6.75,,,,2.25,4.5,6.0,2.6,,4.25,,,13.5,,
2.6,3.25,,,,2.5,4.0,5.25,3.0,,3.92,,,9.75,,
6.4,7.0,5.25,5.75,4.5,,,,3.8,5.17,,17.4,16.65,,,15.45
4.8,4.0,6.0,4.5,3.0,,,,4.4,4.5,,15.3,12.3,,,15.2
6.0,7.25,3.75,4.5,5.5,,,,2.0,4.58,,14.25,16.0,,,11.75
5.4,6.0,6.25,6.0,4.75,,,,2.6,5.67,,17.65,16.15,,14.0,14.25
7.2,6.75,5.0,4.5,3.5,,,,7.2,4.33,,16.7,15.2,,,19.4
5.4,3.75,5.5,5.75,4.5,,,,2.6,5.25,,16.65,15.65,,,13.5
4.0,2.5,,,,3.5,,,,,,,,,,
4.8,6.75,,,,5.25,7.5,,,,,,,19.5,,
2.6,3.75,,,,1.75,4.5,5.0,2.4,,3.75,,,10.0,,
2.2,5.25,,,,3.5,5.0,7.5,2.4,,5.33,,,13.75,,
3.6,6.0,,,,2.25,5.25,7.75,2.8,,5.08,,,13.5,,
5.2,3.5,4.5,2.75,2.75,4.0,5.0,7.0,2.2,3.33,5.33,12.45,10.7,12.5,,11.9
2.6,6.25,,,,3.25,5.5,7.25,3.4,,5.33,,,15.0,,
2.4,4.75,,,,3.25,5.25,6.5,2.2,,5.0,,,13.25,,
3.8,5.5,,,,5.0,5.25,7.75,2.8,,6.0,,,15.75,,
4.0,5.5,,,,3.0,7.0,7.0,3.6,,5.67,,,15.5,,
4.2,6.5,,,,4.25,5.75,8.5,3.2,,6.17,,,16.5,,
3.6,6.5,,,,5.5,5.5,8.5,3.0,,6.5,,,17.5,,
2.6,6.5,,,,3.0,4.0,5.5,2.4,,4.17,,,13.5,,
3.2,6.0,,,,3.25,5.0,7.25,3.2,,5.17,,,14.25,,
2.6,5.75,,,,3.5,3.25,6.5,2.6,,4.42,,,12.5,,
2.8,5.75,,,,2.25,7.0,7.75,2.6,,5.67,,,15.0,,
3.4,5.25,,,,4.5,5.5,7.5,2.6,,5.83,,,15.25,,
4.2,4.5,,,,4.75,4.75,6.25,2.6,,5.25,,,14.0,,
3.4,5.75,,,,3.75,5.5,7.75,3.2,,5.67,,,15.0,,
4.0,4.0,,,,2.5,4.5,7.25,2.2,,4.75,,,11.0,,
3.8,4.5,,,,3.25,5.0,7.0,2.4,,5.08,,,12.75,,
4.0,5.75,,,,4.0,6.0,7.5,3.2,,5.83,,,15.75,,
2.6,1.5,,,,2.75,3.75,3.5,2.4,,3.33,,,8.0,,
2.2,4.0,,,,3.5,8.5,8.75,2.6,,6.92,,,16.0,,
4.4,6.0,,,,2.5,4.0,7.0,2.0,,4.5,,,12.5,,
4.0,7.0,,,,4.0,6.25,7.5,3.2,,5.92,,,17.25,,
3.2,2.5,,,,3.0,2.75,5.0,1.6,,3.58,,,8.25,,
2.2,3.0,,,,2.5,3.5,4.0,2.4,,3.33,,,9.0,,
3.6,6.0,,,,5.5,5.25,8.5,8.6,,6.42,,,16.75,,
4.8,7.5,,,,4.25,7.75,9.25,4.2,,7.08,,,19.5,,
3.8,4.5,,,,4.25,6.0,7.25,3.0,,5.83,,,14.75,,
3.8,4.25,,,,2.0,5.0,7.25,2.4,,4.75,,,11.25,,
2.2,2.0,,,,2.5,4.5,5.0,2.0,,4.0,,,9.0,,
2.4,3.5,,,,3.25,6.5,7.25,3.2,,5.67,,,13.25,,
2.6,3.5,,,,4.25,2.75,5.5,3.0,,4.17,,,10.5,,
5.2,5.25,,,,5.5,6.75,8.5,5.0,,6.92,,,17.5,,
3.8,7.0,5.0,2.75,4.25,,,,2.8,4.0,,11.55,10.8,,,11.6
4.2,6.5,,,,4.75,7.5,8.0,1.4,,6.75,,,18.75,,
3.4,8.0,,,,3.5,5.0,8.0,3.0,,5.5,,,16.5,,
4.6,6.0,,,,4.0,6.0,8.0,4.4,,6.0,,,16.0,15.0,
3.2,5.0,,,,3.25,5.25,,,,,,,13.5,,
3.0,2.5,,,,4.0,5.25,,,,,,,11.75,,
2.0,3.25,,,,2.5,4.25,,,,,,,10.0,,
2.4,2.75,,,,3.0,3.75,,,,,,,9.5,,
2.0,3.25,,,,2.5,5.0,,,,,,,10.75,,
4.0,5.0,,,,5.75,6.5,,,,,,,17.25,,
3.6,3.75,,,,2.5,7.25,,,,,,,13.5,,
5.2,5.5,,,,4.5,6.25,6.75,2.0,,5.83,,,16.25,,
4.0,4.0,,,,6.25,8.5,8.75,4.0,,7.83,,,18.75,12.0,
3.6,6.5,,,,3.5,6.5,7.75,5.0,,5.92,,,16.5,,
2.6,4.75,,,,3.75,5.0,6.0,3.6,,4.92,,,13.5,,
3.6,7.25,,,,4.25,6.5,7.25,4.0,,6.0,,,18.0,,
3.4,6.25,,,,2.25,3.75,7.25,3.6,,4.42,,,12.25,,
3.2,5.0,,,,3.25,3.25,5.5,2.2,,4.0,,,11.5,,
3.8,6.0,,,,4.0,5.5,6.75,1.8,,5.42,,,15.5,,
2.4,4.25,,,,3.0,4.25,4.75,2.8,,4.0,,,11.5,,
3.2,5.25,,,,4.0,5.75,7.25,3.4,,5.67,,,15.0,,
2.0,3.0,,,,3.5,5.0,6.75,1.4,,5.08,,,11.5,,
4.4,7.25,,,,4.25,5.75,6.75,3.8,,5.58,,,17.25,,
4.2,6.5,,,,7.5,7.5,7.0,3.0,,7.33,,,21.5,,
3.4,3.25,,,,2.25,5.0,5.75,2.2,,4.33,,,10.5,,
4.0,6.5,,,,2.5,5.25,7.25,2.4,,5.0,,,14.25,,
2.6,4.5,,,,3.5,5.5,6.75,1.4,,5.25,,,13.5,,
3.6,6.5,,,,3.0,6.25,6.75,2.6,,5.33,,,15.75,,
4.0,5.5,,,,4.5,5.0,7.5,2.6,,5.67,,,15.0,,
4.4,5.0,,,,3.5,5.25,7.0,3.0,,5.25,,,13.75,,
4.2,7.0,,,,3.75,5.5,6.5,3.6,,5.25,,,16.25,,
3.4,6.0,,,,3.25,4.0,5.25,2.8,,4.17,,,13.25,,
3.0,7.0,,,,3.0,7.75,8.5,3.6,,6.42,,,17.75,,
2.8,4.75,,,,3.5,2.0,4.75,2.4,,3.42,,,10.25,,
4.0,6.75,,,,4.0,6.0,8.5,2.6,,6.17,,,16.75,,
2.4,6.0,,,,2.25,5.0,4.5,3.6,,3.92,,,13.25,12.0,
3.6,8.0,,,,5.75,8.25,7.25,2.4,,7.08,,,22.0,14.0,
4.6,2.75,,,,4.0,6.0,7.75,2.4,,5.92,,,12.75,,
3.2,5.0,,,,5.5,7.25,6.25,3.6,,6.33,,,17.75,,
5.0,3.0,5.0,3.0,4.5,,,,4.0,4.17,,13.0,12.5,,12.0,14.0
2.2,5.0,,,,3.25,4.75,6.0,2.4,,4.67,,,13.0,,
4.2,7.5,,,,6.0,7.25,8.25,4.0,,7.17,,,20.75,,
4.0,7.0,,,,4.0,7.0,8.5,2.6,,6.5,,,18.0,,
3.6,7.75,,,,4.5,5.75,9.25,4.4,,6.5,,,18.0,,
4.0,7.25,,,,3.0,5.75,6.5,2.6,,5.08,,,16.0,,
3.2,3.75,,,,3.0,4.0,6.0,2.2,,4.33,,,10.75,,
2.0,4.75,,,,4.0,4.5,5.0,2.6,,4.5,,,13.25,,
2.6,5.75,,,,4.5,5.0,6.25,2.6,,5.25,,,15.25,,
2.8,4.0,,,,2.0,5.5,7.25,3.2,,4.92,,,11.5,10.0,
4.4,3.75,,,,3.5,5.0,6.5,2.6,,5.0,,,12.25,,
5.6,7.5,,,,5.0,6.75,8.75,4.0,,6.83,,,19.25,,
4.8,6.25,,,,3.25,5.5,6.75,3.0,,5.17,,,15.0,,
5.0,7.5,,,,3.5,5.75,8.25,3.6,,5.83,,,16.75,,
4.6,7.0,,,,4.25,6.25,9.0,3.0,,6.5,,,17.5,,
2.6,6.0,,,,3.25,4.0,6.25,3.6,,4.5,,,13.25,,
2.0,5.5,,,,3.25,7.0,6.75,2.4,,5.67,,,15.75,,
4.4,6.75,,,,3.0,6.5,9.0,3.4,,6.17,,,16.25,,
2.4,5.5,,,,3.75,3.5,5.0,2.6,,4.08,,,12.75,,
4.2,6.5,,,,2.5,6.5,8.5,3.0,,5.83,,,15.5,,
3.4,5.0,,,,2.25,4.0,6.5,2.6,,4.25,,,11.25,11.0,
2.4,6.0,,,,3.0,3.75,7.0,3.0,,4.58,,,12.75,,
4.8,5.25,,,,5.25,7.0,7.75,4.4,,6.67,,,17.5,,
3.6,6.25,,,,3.75,6.25,7.75,3.6,,5.92,,,16.25,,
2.8,5.5,,,,3.5,5.0,6.5,2.4,,5.0,,,14.0,,
4.0,7.0,,,,3.75,5.75,6.75,2.6,,5.42,,,16.5,,
4.2,5.25,,,,4.75,5.5,7.0,2.4,,5.75,,,15.5,,
4.0,4.5,,,,3.5,2.5,3.5,3.4,,3.17,,,10.5,,
2.6,6.5,,,,4.25,5.75,8.5,2.4,,6.17,,,16.5,,
3.8,7.5,,,,4.0,6.5,8.75,2.6,,6.42,,,18.0,,
3.0,7.0,,,,2.25,3.75,5.25,3.0,,3.75,,,13.0,13.0,
3.8,7.25,,,,4.5,5.5,8.25,4.4,,6.08,,,17.25,,
2.4,3.75,,,,2.5,3.0,6.0,3.0,,3.83,,,9.25,,
3.6,4.5,,,,3.25,4.75,6.75,2.2,,4.92,,,12.5,,
2.6,2.75,,,,3.25,5.0,7.25,2.4,,5.17,,,11.0,,
2.0,6.25,,,,3.0,3.5,,,,,,,12.75,,
,5.0,,,,5.0,6.0,,,,,,,16.0,,
2.6,3.25,,,,2.25,4.5,,,,,,,10.0,,
2.8,5.25,,,,2.5,4.5,,,,,,,12.25,,
2.0,3.5,,,,3.0,4.75,,,,,,,11.25,,
,5.25,,,,5.5,6.5,,,,,,,17.25,,
,7.0,,,,6.5,8.25,,,,,,,21.75,,
2.8,5.25,,,,2.75,6.25,6.75,3.2,,5.25,,,14.25,,
3.8,5.0,,,,2.5,4.75,7.5,2.2,,4.92,,,12.25,11.0,
4.6,5.25,,,,3.5,5.0,7.25,2.8,,5.25,,,13.75,,
2.8,6.75,,,,4.75,6.25,8.5,2.2,,6.5,,,17.75,,
3.6,5.0,,,,3.5,6.75,9.5,3.2,,6.58,,,15.25,,
3.2,5.75,,,,4.5,5.25,7.5,2.6,,5.75,,,15.5,,
3.0,4.25,,,,3.75,5.25,8.5,2.6,,5.83,,,13.25,,
5.0,4.75,,,,4.75,6.25,8.25,3.4,,6.42,,,15.75,,
3.2,5.0,,,,3.0,5.0,5.75,2.4,,4.58,,,13.0,,
6.2,6.75,4.75,5.5,5.0,,,,2.8,5.08,,16.45,16.7,,,13.75
4.8,7.25,7.0,4.5,5.5,,,,3.6,5.67,,16.3,14.8,,,15.4
4.0,6.5,,,,2.5,4.5,6.0,3.8,,4.33,,,13.5,,
3.0,6.0,,,,3.0,4.75,6.5,2.4,,4.75,,,13.75,,
3.2,4.75,,,,3.75,6.75,7.25,3.2,,5.92,,,15.25,,
4.8,6.25,,,,3.5,6.5,7.0,2.6,,5.67,,,16.25,,
5.2,6.75,4.75,5.0,4.0,,,,2.2,4.58,,14.95,14.2,,,12.15
4.8,7.0,,,,3.5,7.0,8.5,4.2,,6.33,,,17.5,16.0,
1.8,5.25,2.5,2.25,2.75,,,,3.0,2.5,,6.55,6.8,,,7.3
4.6,7.25,,,,3.5,6.25,7.5,2.2,,5.75,,,17.0,,
4.8,5.25,,,,3.0,5.75,6.25,2.8,,5.0,,,14.0,,
1.8,3.25,,,,3.0,4.5,6.25,2.2,,4.58,,,10.75,,
2.0,4.0,,,,4.5,5.5,8.25,2.6,,6.08,,,14.0,,
6.2,5.75,,,,5.75,6.0,9.5,3.0,,7.08,,,17.5,,
5.2,8.5,,,,5.25,6.5,7.5,3.6,,6.42,,,20.25,,
3.2,5.0,,,,3.0,3.0,7.5,3.8,,4.5,,,11.0,12.0,
4.0,4.5,,,,3.25,4.25,5.75,3.2,,4.42,,,12.0,,
3.0,4.25,,,,2.25,4.25,5.0,2.4,,3.83,,,10.75,,
5.8,8.25,,,,4.5,7.75,8.75,5.0,,7.0,,,20.5,,
2.6,5.5,,,,2.5,4.0,4.5,2.6,,3.67,,,12.0,,
4.8,5.0,,,,2.5,6.5,6.5,3.8,,5.17,,,14.0,,
3.0,7.0,,,,3.25,5.5,5.75,2.8,,4.83,,,15.75,,
3.2,6.25,,,,3.25,4.75,6.5,2.0,,4.83,,,14.25,,
5.4,4.0,,,,6.0,4.25,8.0,2.0,,6.08,,,14.25,,
6.0,8.25,,,,6.0,7.0,8.75,4.2,,7.25,,,21.25,,
6.8,,7.0,7.25,,,,,,,,21.05,,,,
7.4,,,6.25,5.5,,,,,,,,19.15,,,
5.0,,,6.5,6.75,,,,,,,,18.25,,,
4.6,,,4.25,5.5,,,,,,,,14.35,,,
3.8,3.5,,,,2.25,4.5,,,,,,,10.25,,
,6.75,,,,5.25,8.0,,,,,,,20.0,,
,8.5,,,,6.75,8.25,,,,,,,23.5,,
,6.5,,,,5.0,7.0,,,,,,,18.5,,
3.4,6.5,,,,4.5,5.0,7.5,3.8,,5.67,,,16.0,,
2.8,5.0,,,,2.0,4.75,6.75,2.0,,4.5,,,11.75,,
3.0,4.5,,,,4.0,6.0,8.0,2.4,,6.0,,,14.5,,
5.0,6.5,,,,4.25,6.0,8.5,2.6,,6.25,,,16.75,,
3.0,3.0,,,,3.5,4.0,7.25,3.6,,4.92,,,10.5,,
4.0,5.5,,,,3.25,6.0,6.5,2.4,,5.25,,,14.75,,
3.2,3.25,,,,3.0,4.0,6.5,2.4,,4.5,,,10.25,,
2.4,6.25,,,,4.5,5.5,6.25,2.8,,5.42,,,16.25,,
3.4,5.25,,,,3.75,5.25,8.0,2.4,,5.67,,,14.25,,
2.2,4.75,,,,2.75,5.25,6.25,2.2,,4.75,,,12.75,,
4.2,5.5,,,,1.75,5.5,7.0,3.2,,4.75,,,12.75,,
2.4,6.0,,,,4.25,5.5,5.0,4.0,,4.92,,,15.75,,
3.0,6.75,,,,3.25,5.0,6.0,2.8,,4.75,,,15.0,,
2.8,5.0,,,,3.5,4.5,8.0,2.6,,5.33,,,13.0,,
4.4,8.75,,,,6.5,6.25,7.5,2.8,,6.75,,,21.5,,
2.4,5.0,,,,2.75,5.0,6.0,3.4,,4.58,,,12.75,,
4.0,4.5,,,,3.75,6.5,8.25,3.0,,6.17,,,14.75,,
3.8,6.25,,,,4.0,4.75,5.75,3.2,,4.83,,,15.0,,
3.0,5.0,,,,4.5,5.75,8.25,3.2,,6.17,,,15.25,,
3.6,7.25,,,,3.0,5.5,6.5,2.6,,5.0,,,15.75,,
4.2,6.0,,,,4.5,6.75,8.25,2.0,,6.5,,,17.25,,
4.0,5.25,,,,4.75,6.25,7.75,3.2,,6.25,,,16.25,,
3.6,5.75,,,,4.25,5.75,8.25,3.6,,6.08,,,15.75,,
4.4,7.0,,,,4.0,5.25,7.75,4.0,,5.67,,,16.25,,
4.4,8.0,,,,6.0,7.0,8.0,3.6,,7.0,,,21.0,16.0,
2.2,5.0,,,,3.25,5.5,6.25,1.4,,5.0,,,13.75,,
4.8,7.0,,,,5.5,7.0,7.75,2.4,,6.75,,,19.5,,
3.0,6.75,,,,3.5,5.5,7.0,3.0,,5.33,,,15.75,,
2.6,2.75,,,,3.5,6.25,5.5,2.6,,5.08,,,12.5,,
4.6,7.0,,,,6.5,7.5,7.0,4.4,,7.0,,,21.0,16.0,
3.4,4.5,,,,3.0,4.5,7.25,2.4,,4.92,,,12.0,,
3.8,5.75,,,,2.5,4.75,6.25,3.2,,4.5,,,13.0,,
3.2,2.75,,,,1.75,3.0,5.5,2.6,,3.42,,,7.5,,
2.8,2.75,,,,3.25,5.75,4.25,4.0,,4.42,,,11.75,,
3.8,6.5,,,,4.5,6.0,8.5,4.4,,6.33,,,17.0,,
3.2,6.5,,,,3.5,5.5,6.5,2.6,,5.17,,,15.5,,
5.6,8.0,,,,4.25,9.0,8.5,2.8,,7.25,,,21.25,,
4.8,8.25,,,,7.0,8.5,8.75,5.4,,8.08,,,23.75,,
5.8,7.5,,,,5.25,8.0,9.75,7.6,,7.67,,,20.75,,
3.8,6.5,,,,2.25,4.5,5.5,2.0,,4.08,,,13.25,,
5.0,7.75,,,,6.0,6.5,9.25,3.0,,7.25,,,20.25,,
2.8,3.75,,,,3.0,4.5,6.5,2.8,,4.67,,,11.25,,
3.8,3.5,,,,2.75,4.5,5.0,2.2,,4.08,,,10.75,,
4.2,7.25,,,,5.0,8.0,8.75,4.0,,7.25,,,20.25,,
3.2,5.0,,,,3.75,4.75,6.0,2.6,,4.83,,,13.5,,
2.8,3.0,,,,3.25,4.75,5.0,2.4,,4.33,,,11.0,,
4.0,4.5,,,,3.5,5.5,5.75,3.4,,4.92,,,13.5,,
2.6,3.25,,,,3.0,5.0,5.5,2.2,,4.5,,,11.25,,
2.8,6.5,,,,5.25,6.5,8.5,4.0,,6.75,,,18.25,,
4.2,6.5,,,,4.0,5.5,7.75,2.8,,5.75,,,16.0,,
1.8,5.5,,,,2.75,6.5,7.75,2.6,,5.67,,,14.75,,
6.0,7.75,,,,5.0,6.75,7.0,5.2,,6.25,,,19.5,,
2.2,4.25,,,,5.25,5.25,6.75,1.4,,5.75,,,14.75,,
3.8,7.0,,,,3.25,5.5,7.0,3.0,,5.25,,,15.75,,
3.8,5.5,,,,4.25,5.25,8.0,2.4,,5.83,,,15.0,,
4.6,7.25,,,,3.75,5.25,8.0,2.4,,5.67,,,16.25,,
3.2,4.5,,,,2.75,5.0,6.25,3.6,,4.67,,,12.25,,
4.6,2.75,,,,3.75,5.0,7.25,6.0,,5.33,,,11.5,,
2.0,3.75,,,,4.5,6.75,8.0,3.0,,6.42,,,15.0,,
5.0,2.25,,,,3.0,3.75,7.0,1.8,,4.58,,,9.0,,
4.6,7.5,5.5,4.5,4.75,,,,2.2,4.92,,14.6,13.85,,,12.3
2.6,3.25,,,,2.0,4.5,5.0,2.2,,3.83,,,9.75,,
5.2,3.75,2.5,4.0,4.0,,,,2.8,3.5,,11.7,13.2,,,10.5
4.0,5.0,,,,4.25,6.0,6.75,2.8,,5.67,,,15.25,,
4.4,6.0,,,,4.75,6.75,6.0,3.6,,5.83,,,17.5,14.0,
3.8,7.25,,,,4.0,6.25,8.75,3.8,,6.33,,,17.5,,
4.6,6.25,,,,3.5,7.25,7.25,2.6,,6.0,,,17.0,,
2.0,5.75,,,,2.5,4.25,5.25,1.8,,4.0,,,12.5,,
3.0,7.0,,,,3.75,6.5,7.5,2.8,,5.92,,,17.25,,
5.4,6.0,,,,5.0,6.0,7.75,2.2,,6.25,,,17.0,,
4.6,5.75,,,,3.25,5.0,6.5,3.8,,4.92,,,14.0,,
3.4,6.0,,,,4.75,4.75,6.75,3.2,,5.42,,,15.5,,
3.2,3.25,,,,3.75,5.75,6.0,2.8,,5.17,,,12.75,,
6.4,7.0,,,,4.0,6.75,8.0,3.2,,6.25,,,17.75,,
3.2,5.0,,,,3.25,6.25,7.25,2.2,,5.58,,,14.5,,
2.6,6.0,,,,4.0,5.75,6.0,3.0,,5.25,,,15.75,,
3.8,4.5,,,,2.5,4.5,5.0,3.0,,4.0,,,11.5,,
2.6,5.75,,,,2.0,4.75,5.0,4.0,,3.92,,,12.5,,
3.6,5.5,,,,3.0,4.75,8.75,3.6,,5.5,,,13.25,,
4.0,5.75,,,,2.75,4.75,6.0,2.4,,4.5,,,13.25,,
4.4,6.5,,,,3.5,5.0,6.0,4.0,,4.83,,,15.0,,
2.8,4.0,,,,3.5,6.25,4.5,2.6,,4.75,,,13.75,,
3.8,4.25,,,,1.75,3.5,5.75,2.2,,3.67,,,9.5,,
2.8,3.5,,,,3.0,4.5,5.25,1.6,,4.25,,,11.0,,
4.2,4.75,,,,2.5,5.5,4.75,1.4,,4.25,,,12.75,,
3.2,4.25,,,,3.5,6.5,6.5,2.4,,5.5,,,14.25,,
5.0,4.5,,,,3.5,5.75,8.75,2.8,,6.0,,,13.75,,
3.8,5.75,,,,4.25,5.75,9.0,3.0,,6.33,,,15.75,,
3.2,4.25,,,,4.25,4.5,7.0,2.2,,5.25,,,13.0,,
4.2,5.0,,,,4.5,6.75,8.5,2.4,,6.58,,,16.25,,
4.4,4.5,,,,3.75,8.75,9.25,4.6,,7.25,,,17.0,,
2.6,4.25,,,,2.75,3.25,3.5,3.4,,3.17,,,10.25,,
2.4,4.0,,,,4.0,5.0,6.0,2.6,,5.0,,,13.0,9.0,
2.2,4.5,,,,4.25,6.0,6.25,3.4,,5.5,,,14.75,,
3.0,4.0,,,,3.25,4.0,7.25,2.4,,4.83,,,11.25,,
4.8,5.25,,,,2.75,3.25,4.0,2.0,,3.33,,,11.25,,
2.0,2.5,3.25,2.5,5.0,,,,2.8,3.58,,7.75,9.5,,,8.05
2.0,4.25,,,,2.5,2.75,4.5,3.0,,3.25,,,9.5,,
3.6,6.5,,,,3.0,4.25,4.75,2.4,,4.0,,,13.75,,
3.8,5.5,,,,4.25,7.25,6.75,3.6,,6.08,,,17.0,,
3.0,6.0,,,,3.0,5.25,5.0,1.6,,4.42,,,14.25,,
2.0,3.75,,,,2.75,4.5,5.0,2.8,,4.08,,,11.0,,
3.0,6.5,,,,3.0,5.5,7.25,3.4,,5.25,,,15.0,,
3.6,5.25,,,,4.0,4.75,7.75,3.0,,5.5,,,14.0,,
2.8,2.25,,,,2.75,2.25,3.75,2.8,,2.92,,,7.25,,
2.4,3.0,,,,2.25,3.75,5.75,1.8,,3.92,,,9.0,,
2.0,3.0,,,,2.25,4.25,6.0,2.0,,4.17,,,9.5,7.0,
4.0,8.75,,,,5.5,8.0,8.75,2.8,,7.42,,,22.25,,
3.0,3.75,,,,2.75,4.75,5.0,3.0,,4.17,,,11.25,,
2.6,3.25,,,,2.75,4.5,5.5,2.6,,4.25,,,10.5,,
3.8,3.75,,,,3.75,3.75,6.75,1.8,,4.75,,,11.25,,
3.4,4.75,,,,2.75,5.75,7.0,3.2,,5.17,,,13.25,,
2.4,2.25,,,,2.75,2.0,4.0,2.6,,2.92,,,7.0,,
5.8,7.25,,,,4.75,6.5,6.75,2.4,,6.0,,,18.5,,
3.6,5.25,,,,4.25,5.5,6.25,3.4,,5.33,,,15.0,,
1.8,4.25,,,,2.5,3.0,5.0,3.0,,3.5,,,9.75,,
2.4,5.25,,,,2.25,2.5,4.0,3.2,,2.92,,,10.0,,
2.2,7.5,,,,3.5,5.75,6.5,2.6,,5.25,,,16.75,,
5.2,6.0,,,,4.0,5.75,8.25,4.4,,6.0,,,15.75,,
4.4,3.5,,,,4.5,6.25,8.75,2.8,,6.5,,,14.25,,
3.0,2.25,,,,2.25,1.75,4.25,2.6,,2.75,,,6.25,,
4.6,6.75,,,,4.5,6.0,8.5,3.0,,6.33,,,17.25,,
3.4,6.0,,,,3.0,5.0,6.5,1.8,,4.83,,,14.0,,
3.2,3.25,,,,2.75,5.0,6.5,2.0,,4.75,,,11.0,,
4.2,6.0,,,,2.5,6.75,7.75,3.8,,5.67,,,15.25,14.0,
4.2,6.75,,,,4.25,5.75,8.0,1.6,,6.0,,,16.75,,
2.8,6.5,,,,3.25,6.25,6.25,3.4,,5.25,,,16.0,,
2.4,4.0,,,,2.75,4.75,5.5,1.4,,4.33,,,11.5,,
3.8,6.25,,,,2.25,6.75,7.5,3.2,,5.5,,,15.25,,
3.6,6.75,,,,5.5,6.75,7.75,2.8,,6.67,,,19.0,,
2.0,6.0,,,,4.0,4.5,7.0,1.8,,5.17,,,14.5,,
5.4,6.75,5.5,7.0,6.0,,,,3.6,6.17,,17.9,18.4,,,14.5
5.2,5.5,,,,1.75,6.75,5.75,3.0,,4.75,,,14.0,,
2.8,4.0,,,,2.5,3.5,4.75,3.0,,3.58,,,10.0,,
4.2,6.25,,,,3.0,5.75,8.0,2.0,,5.58,,,15.0,,
2.6,3.25,,,,3.0,5.75,5.0,2.4,,4.58,,,12.0,,
2.8,3.25,,,,3.25,6.0,5.75,2.4,,5.0,,,12.5,,
5.6,4.75,,,,5.5,7.0,7.5,2.8,,6.67,,,17.25,,
2.4,1.75,,,,2.75,4.0,4.25,2.2,,3.67,,,8.5,,
2.8,6.25,,,,3.75,5.5,7.75,4.0,,5.67,,,15.5,,
3.8,7.25,,,,5.0,8.0,8.0,3.8,,7.0,,,20.25,,
2.8,3.25,,,,2.25,4.5,5.5,3.0,,4.08,,,10.0,,
3.8,4.5,,,,3.5,5.75,6.0,4.0,,5.08,,,13.75,,
3.6,5.25,,,,2.5,6.0,6.75,2.2,,5.08,,,13.75,,
2.2,3.5,,,,3.0,4.5,5.25,2.0,,4.25,,,11.0,,
3.4,6.5,,,,3.25,5.75,6.5,1.4,,5.17,,,15.5,,
4.6,5.25,,,,2.5,6.5,7.75,3.6,,5.58,,,14.25,,
4.2,6.25,,,,3.75,6.0,6.75,3.6,,5.5,,,16.0,,
2.6,4.75,,,,2.5,4.75,,,,,,,12.0,,
2.6,5.0,,,,3.25,4.5,,,,,,,12.75,,
2.0,4.25,,,,2.0,3.75,,,,,,,10.0,,
3.0,4.5,,,,3.5,5.75,,,,,,,13.75,,
3.8,6.75,,,,1.5,6.0,7.0,3.8,,4.83,,,14.25,,
2.4,2.0,,,,3.0,3.75,3.75,3.2,,3.5,,,8.75,,
2.0,4.0,,,,2.75,4.75,5.0,2.2,,4.17,,,11.5,,
4.2,7.0,,,,2.75,5.0,6.5,2.8,,4.75,,,14.75,14.0,
4.0,4.5,,,,5.25,6.5,6.75,2.8,,6.17,,,16.25,,
3.4,5.25,,,,3.5,4.75,6.25,2.8,,4.83,,,13.5,,
3.8,4.75,,,,3.5,5.0,7.0,3.2,,5.17,,,13.25,,
4.4,8.5,,,,8.25,8.5,8.0,3.0,,8.25,,,25.25,,
3.6,2.0,,,,2.25,3.25,6.5,3.2,,4.0,,,7.5,,
3.6,4.25,,,,1.5,4.25,4.75,2.4,,3.5,,,10.0,,
1.8,2.0,,,,2.25,3.0,5.25,2.6,,3.5,,,7.25,,
4.0,5.5,,,,3.5,6.0,6.0,2.4,,5.17,,,15.0,,
4.6,6.75,,,,5.0,6.75,7.5,3.8,,6.42,,,18.5,,
1.2,5.0,,,,4.0,5.0,4.75,2.0,,4.58,,,14.0,,
4.6,6.0,,,,3.5,3.75,7.75,3.2,,5.0,,,13.25,,
2.8,6.75,,,,5.0,5.5,7.25,2.6,,5.92,,,17.25,,
5.2,7.75,,,,3.5,7.5,7.5,2.6,,6.17,,,18.75,,
6.0,8.25,,,,6.25,8.25,8.0,4.4,,7.5,,,22.75,,
4.2,3.0,,,,3.0,4.75,6.25,2.4,,4.67,,,10.75,,
4.0,6.5,,,,3.5,5.75,6.5,2.6,,5.25,,,15.75,,
3.2,6.0,,,,2.75,3.5,6.25,2.0,,4.17,,,12.25,,
4.0,5.0,,,,2.5,5.5,7.75,2.6,,5.25,,,13.0,,
3.8,5.5,,,,3.0,5.5,7.0,4.6,,5.17,,,14.0,,
4.8,7.75,,,,6.75,8.25,7.75,3.0,,7.58,,,22.75,,
2.2,3.5,,,,2.75,4.5,6.0,2.6,,4.42,,,10.75,,
5.6,4.5,,,,4.5,6.75,7.75,2.8,,6.33,,,15.75,,
3.8,5.75,,,,2.75,6.25,7.25,2.8,,5.42,,,14.75,,
5.6,8.0,,,,6.0,6.0,8.75,3.4,,6.92,,,20.0,17.0,
2.8,4.25,,,,4.5,4.5,7.0,3.0,,5.33,,,13.25,,
4.6,6.75,,,,3.5,5.75,8.0,3.8,,5.75,,,16.0,,
2.8,6.0,,,,2.5,4.25,6.75,3.6,,4.5,,,12.75,,
6.6,6.75,6.0,3.75,5.25,,,,5.4,5.0,,16.35,15.6,,,18.0
2.8,6.5,,,,5.0,6.25,8.5,2.8,,6.58,,,17.75,,
3.4,7.25,,,,3.5,8.0,5.25,3.2,,5.58,,,18.75,,
3.2,7.0,,,,4.25,5.0,6.5,2.4,,5.25,,,16.25,,
3.8,5.0,,,,2.75,5.25,7.0,2.8,,5.0,,,13.0,,
2.6,3.0,,,,3.0,5.25,5.25,2.8,,4.5,,,11.25,,
3.4,6.25,,,,2.0,5.5,7.0,2.6,,4.83,,,13.75,,
3.0,6.5,,,,5.0,4.75,6.75,3.4,,5.5,,,16.25,,
1.8,5.75,,,,3.25,4.5,6.5,2.6,,4.75,,,13.5,,
6.0,6.5,6.5,5.25,4.0,,,,4.6,5.25,,17.75,15.25,,,17.1
4.4,5.75,4.5,4.0,3.5,,,,2.2,4.0,,12.9,11.9,,,11.1
4.4,4.75,,,,3.25,6.75,6.5,2.4,,5.5,,,14.75,,
2.2,4.75,,,,2.25,3.75,5.5,2.6,,3.83,,,10.75,,
3.2,4.25,,,,2.5,4.0,6.75,3.8,,4.42,,,10.75,,
2.6,5.25,,,,2.5,5.0,6.25,2.4,,4.58,,,12.75,,
3.8,6.75,,,,3.25,5.75,7.5,2.4,,5.5,,,15.75,,
3.0,5.5,,,,3.5,5.25,5.5,1.2,,4.75,,,14.25,,
5.0,7.25,,,,4.5,4.75,7.25,3.8,,5.5,,,16.5,,
3.0,5.5,,,,3.75,4.75,5.0,1.4,,4.5,,,14.0,,
4.8,7.75,,,,4.5,7.5,7.75,5.4,,6.58,,,19.75,,
3.8,6.0,,,,5.0,6.25,7.75,2.8,,6.33,,,17.25,,
5.0,7.5,,,,3.75,6.5,8.0,3.2,,6.08,,,17.75,,
4.2,7.0,,,,5.25,6.5,7.5,4.0,,6.42,,,18.75,,
5.2,6.75,,,,4.5,5.0,8.75,4.0,,6.08,,,16.25,,
4.0,7.75,,,,4.75,6.75,8.0,4.0,,6.5,,,19.25,,
2.8,3.75,,,,2.25,3.5,6.0,3.0,,3.92,,,9.5,,
4.8,8.0,,,,6.75,6.25,10.0,4.8,,7.67,,,21.0,,
5.8,7.75,,,,5.0,7.25,8.5,4.8,,6.92,,,20.0,,
3.2,5.0,,,,3.75,6.25,7.25,1.6,,5.75,,,15.0,,
4.6,6.75,,,,5.25,6.25,7.25,3.2,,6.25,,,18.25,,
2.8,6.25,,,,4.5,4.5,7.5,3.0,,5.5,,,15.25,,
3.6,5.5,,,,2.0,5.5,5.75,1.2,,4.42,,,13.0,,
5.0,7.25,,,,6.5,7.5,8.5,3.6,,7.5,,,21.25,,
5.4,8.25,5.5,4.75,6.5,,,,3.6,5.58,,15.65,16.65,,,14.5
2.4,1.75,,,,3.0,4.0,,,,,,,8.75,,
1.2,2.0,,,,3.25,2.5,,,,,,,7.75,,
1.8,3.75,,,,3.25,4.25,,,,,,,11.25,,
2.6,3.75,,,,2.25,2.0,,,,,,,8.0,,
2.0,3.5,,,,2.25,4.25,,,,,,,10.0,,
,8.25,,,,8.25,8.75,,,,,,,25.25,,
,8.5,,,,7.25,6.5,,,,,,,22.25,,
5.6,7.5,,,,7.25,8.0,9.25,4.4,,8.17,,,22.75,,
6.0,6.75,4.5,5.0,4.5,,,,2.6,4.67,,15.5,15.5,,,13.1
3.2,6.75,,,,4.25,5.0,7.75,2.8,,5.67,,,16.0,,
3.6,7.5,,,,5.75,7.75,6.75,3.0,,6.75,,,21.0,,
5.6,6.5,,,,5.0,7.5,8.25,2.4,,6.92,,,19.0,,
4.6,6.5,,,,5.0,7.75,9.0,4.4,,7.25,,,19.25,,
2.0,6.0,,,,3.5,7.0,8.25,2.6,,6.25,,,16.5,,
4.8,5.5,4.0,4.75,4.75,,,,1.6,4.5,,13.55,14.3,,,10.4
5.4,7.5,,,,3.25,5.25,6.5,5.0,,5.0,,,16.0,,
6.4,7.25,5.5,6.5,3.75,,,,3.6,5.25,,18.4,16.65,,,15.5
6.2,5.5,5.5,5.75,3.0,,,,3.6,4.75,,17.45,14.95,,,15.3
5.8,7.5,6.0,7.0,3.25,,,,2.4,5.42,,18.8,16.05,,,14.2
6.0,7.25,6.0,5.5,4.25,,,,4.0,5.25,,17.5,15.75,,,16.0
4.2,4.5,,,,3.75,6.25,8.25,2.6,,6.08,,,14.5,,
4.6,2.0,,,,3.0,5.0,8.0,3.0,,5.33,,,10.0,,
2.0,5.5,,,,3.5,5.25,6.75,2.2,,5.17,,,14.25,,
2.8,4.25,,,,1.75,4.75,4.75,1.4,,3.75,,,10.75,,
4.4,3.25,4.75,7.25,6.0,,,,3.2,6.0,,16.4,17.65,,,12.35
3.2,3.25,,,,6.0,5.5,6.75,4.0,,6.08,,,14.75,,
4.2,6.25,,,,2.0,5.5,7.5,3.2,,5.0,,,13.75,,
2.8,3.25,,,,3.0,2.5,4.25,3.2,,3.25,,,8.75,,
3.8,7.0,,,,3.5,4.25,7.0,4.0,,4.92,,,14.75,,
2.8,4.0,,,,3.0,4.5,7.25,3.2,,4.92,,,11.5,10.0,
1.8,5.5,,,,3.75,5.25,5.5,3.2,,4.83,,,14.5,,
5.0,6.5,,,,3.75,7.5,8.0,3.0,,6.42,,,17.75,,
5.0,8.0,,,,5.0,6.75,7.75,2.6,,6.5,,,19.75,,
5.2,7.25,,,,3.25,5.75,7.0,3.6,,5.33,,,16.25,,
3.6,7.5,,,,6.25,6.0,9.0,3.0,,7.08,,,19.75,,
6.2,6.0,,,,3.25,5.5,8.0,3.6,,5.58,,,14.75,,
4.2,5.5,,,,3.25,4.75,8.5,2.2,,5.5,,,13.5,,
2.4,6.25,,,,2.5,4.0,6.0,1.8,,4.17,,,12.75,,
4.0,6.5,,,,2.5,4.5,6.75,3.0,,4.58,,,13.5,,
4.4,6.75,,,,7.0,7.75,8.5,3.4,,7.75,,,21.5,,
3.2,7.25,,,,4.25,5.75,8.25,3.2,,6.08,,,17.25,,
3.6,5.5,,,,3.75,5.75,7.25,2.8,,5.58,,,15.0,,
5.6,7.25,,,,8.5,8.25,8.0,2.6,,8.25,,,24.0,,
3.6,6.5,,,,3.25,4.5,6.25,2.8,,4.67,,,14.25,,
2.6,5.5,,,,3.0,4.0,6.75,2.8,,4.58,,,12.5,,
3.4,6.0,,,,3.0,4.0,5.75,3.4,,4.25,,,13.0,,
4.6,6.75,,,,4.25,7.0,8.25,3.2,,6.5,,,18.0,,
4.8,6.75,,,,4.25,6.25,7.75,3.4,,6.08,,,17.25,,
4.8,6.75,,,,3.5,6.0,7.75,2.6,,5.75,,,16.25,,
5.6,5.75,,,,3.25,5.0,8.0,3.4,,5.42,,,14.0,,
5.0,7.0,,,,6.5,7.0,7.75,4.6,,7.08,,,20.5,,
2.4,6.0,,,,3.25,5.0,6.0,2.8,,4.75,,,14.25,,
4.0,6.0,,,,2.5,3.75,5.0,2.2,,3.75,,,12.25,,
2.4,5.0,,,,2.25,3.5,4.25,2.4,,3.33,,,10.75,,
4.6,8.75,,,,6.0,7.5,9.0,4.6,,7.5,,,22.25,,
3.6,5.75,,,,2.5,4.25,4.75,1.6,,3.83,,,12.5,,
3.2,6.0,,,,4.0,5.0,6.0,2.8,,5.0,,,15.0,12.0,
2.4,6.5,,,,3.25,3.25,5.75,3.0,,4.08,,,13.0,,
2.2,4.5,,,,3.75,3.75,5.0,2.4,,4.17,,,12.0,,
6.8,8.25,,,,7.5,8.0,7.75,3.4,,7.75,,,23.75,,
3.0,3.0,3.25,4.5,3.0,,,,2.8,3.58,,10.75,10.5,,,9.05
4.8,7.0,,,,3.5,5.5,7.5,1.8,,5.5,,,16.0,,
3.6,6.25,,,,4.75,4.75,6.5,2.6,,5.33,,,15.75,,
2.8,6.5,,,,3.0,4.25,6.0,3.2,,4.42,,,13.75,,
6.2,7.5,,,,5.5,5.25,7.0,2.8,,5.92,,,18.25,,
3.8,7.25,,,,4.25,5.25,7.25,1.8,,5.58,,,16.75,,
2.2,4.5,,,,2.5,5.0,7.25,2.4,,4.92,,,12.0,,
2.6,3.0,,,,2.0,4.25,4.75,1.8,,3.67,,,9.25,,
3.0,4.5,,,,4.5,6.0,6.5,2.2,,5.67,,,15.0,,
2.8,3.0,,,,2.75,4.75,7.25,3.4,,4.92,,,10.5,,
3.4,7.0,,,,3.0,4.0,6.5,2.2,,4.5,,,14.0,,
3.8,6.0,,,,3.75,5.5,6.0,2.4,,5.08,,,15.25,,
4.2,6.5,,,,3.5,6.0,7.5,2.8,,5.67,,,16.0,,
3.0,7.5,,,,3.25,7.0,7.25,4.2,,5.83,,,17.75,,
5.4,7.0,,,,5.25,6.0,6.75,3.0,,6.0,,,18.25,,
3.2,5.75,,,,7.0,8.75,7.75,1.8,,7.83,,,21.5,,
3.4,6.0,,,,3.75,4.25,6.5,2.8,,4.83,,,14.0,,
3.4,7.75,,,,3.5,7.25,7.75,3.4,,6.17,,,18.5,,
3.6,5.0,,,,3.0,5.25,5.0,3.0,,4.42,,,13.25,,
3.8,8.0,,,,3.5,5.5,8.0,2.4,,5.67,,,17.0,,
4.4,5.0,,,,4.0,5.0,7.0,3.6,,5.33,,,14.0,13.0,
6.2,6.75,,,,5.0,6.75,8.0,3.6,,6.58,,,18.5,,
3.8,5.25,4.0,4.0,3.0,2.5,6.5,7.25,2.0,3.67,5.42,11.8,10.8,14.25,,9.8
2.6,6.5,,,,5.0,5.25,7.25,4.2,,5.83,,,16.75,,
4.8,8.0,,,,5.5,7.75,8.25,2.8,,7.17,,,21.25,,
5.8,6.75,,,,6.25,7.25,8.0,3.6,,7.17,,,20.25,,
1.8,2.5,,,,3.25,5.0,6.0,2.6,,4.75,,,10.75,,
4.2,5.0,,,,4.0,3.25,4.25,2.6,,3.83,,,12.25,,
2.6,2.5,,,,2.0,3.5,5.0,1.6,,3.5,,,8.0,,
3.6,4.25,,,,2.75,5.25,5.25,3.4,,4.42,,,12.25,,
3.6,4.0,,,,2.5,7.0,7.0,3.8,,5.5,,,13.5,,
4.8,5.25,,,,4.5,8.25,8.75,3.0,,7.17,,,18.0,,
4.4,6.75,,,,2.5,5.25,6.0,2.8,,4.58,,,14.5,,
3.6,6.0,,,,4.25,5.75,5.75,3.0,,5.25,,,16.0,,
4.8,5.5,,,,4.5,7.0,8.5,3.0,,6.67,,,17.0,,
3.2,5.25,,,,3.75,6.25,7.5,3.2,,5.83,,,15.25,,
3.2,4.25,,,,3.0,5.25,7.25,2.6,,5.17,,,12.5,,
2.6,5.0,,,,2.5,6.0,7.5,2.2,,5.33,,,13.5,,
3.4,5.75,,,,3.0,5.0,6.5,3.6,,4.83,,,13.75,,
2.4,5.25,,,,3.0,5.5,6.5,2.2,,5.0,,,13.75,,
4.2,7.0,,,,3.5,5.5,7.25,3.0,,5.42,,,16.0,,
2.8,1.75,,,,3.75,4.25,3.75,2.0,,3.92,,,9.75,,
2.6,4.5,,,,3.25,5.0,4.5,2.2,,4.25,,,12.75,,
5.0,7.75,,,,5.0,7.5,7.5,3.0,,6.67,,,20.25,,
4.8,8.25,,,,3.0,6.0,8.25,3.6,,5.75,,,17.25,,
3.2,6.25,,,,2.75,5.25,7.75,3.4,,5.25,,,14.25,,
5.4,8.0,5.5,4.75,5.25,,,,3.6,5.17,,15.65,15.4,,17.0,14.5
6.2,6.0,5.0,3.5,4.75,,,,3.2,4.42,,14.7,14.45,,,14.4
4.2,5.0,,,,2.5,6.5,6.5,3.6,,5.17,,,14.0,,
4.6,6.0,3.5,4.25,6.0,,,,1.6,4.58,,12.35,14.85,,,9.7
5.8,7.0,5.0,4.25,4.5,,,,3.6,4.58,,15.05,14.55,,,14.4
4.0,6.25,,,,5.25,7.5,9.25,2.8,,7.33,,,19.0,,
2.4,3.75,,,,3.0,3.5,6.75,2.6,,4.42,,,10.25,,
3.4,4.5,,,,2.75,4.75,5.0,3.2,,4.17,,,12.0,,
4.2,5.0,,,,3.0,4.25,6.25,1.6,,4.5,,,12.25,,
3.8,6.0,,,,1.75,4.75,7.5,2.2,,4.67,,,12.5,12.0,
4.0,7.0,,,,5.75,8.0,7.25,2.6,,7.0,,,20.75,,
2.4,5.25,,,,4.25,6.0,8.25,2.4,,6.17,,,15.5,,
2.6,4.5,,,,3.75,6.75,8.0,2.6,,6.17,,,15.0,,
4.2,5.25,,,,3.75,7.0,7.0,2.8,,5.92,,,16.0,,
3.4,4.5,,,,3.0,6.75,7.25,2.6,,5.67,,,14.25,,
6.0,7.25,5.0,5.0,6.0,,,,3.0,5.33,,16.0,17.0,,,14.0
3.2,3.25,,,,2.5,4.0,2.25,2.6,,2.92,,,9.75,,
3.6,5.0,,,,4.5,6.25,6.25,3.6,,5.67,,,15.75,,
4.0,6.25,,,,2.75,5.0,7.75,3.6,,5.17,,,14.0,,
3.4,3.0,,,,3.0,4.0,3.5,2.4,,3.5,,,10.0,,
4.0,3.25,,,,2.5,6.25,6.25,2.2,,5.0,,,12.0,,
4.6,4.25,,,,2.5,2.0,2.25,3.4,,2.25,,,8.75,,
2.6,3.25,,,,2.5,3.75,4.5,2.6,,3.58,,,9.5,,
3.6,7.25,,,,4.75,6.75,8.5,2.6,,6.67,,,18.75,,
2.8,5.75,,,,4.0,5.75,8.0,2.8,,5.92,,,15.5,,
4.8,5.75,,,,3.25,4.75,6.75,1.8,,4.92,,,13.75,,
3.2,3.75,,,,5.0,7.75,8.5,3.2,,7.08,,,16.5,,
4.2,5.75,,,,4.25,5.0,6.25,2.6,,5.17,,,15.0,,
3.2,4.75,,,,2.0,5.25,4.5,2.8,,3.92,,,12.0,,
1.6,4.0,,,,3.0,4.0,7.25,2.4,,4.75,,,11.0,8.0,
7.4,8.0,4.75,7.5,7.75,,,,5.2,6.67,,19.65,22.65,,,17.35
6.8,6.5,7.0,3.0,4.0,,,,6.8,4.67,,16.8,13.8,,,20.6
4.6,2.0,3.75,3.5,4.75,,,,1.8,4.0,,11.85,12.85,,,10.15
6.0,7.75,4.25,5.75,4.75,,,,3.6,4.92,,16.0,16.5,,,13.85
6.0,7.25,4.75,4.25,4.5,,,,3.2,4.5,,15.0,14.75,,,13.95
6.2,7.75,3.75,5.75,5.5,,,,4.6,5.0,,15.7,17.45,,,14.55
5.0,6.25,3.75,4.75,3.75,,,,3.0,4.08,,13.5,13.5,,,11.75
6.2,5.0,5.25,5.75,6.0,,,,4.6,5.67,,17.2,17.95,,,16.05
6.8,8.0,6.25,6.25,5.5,,,,4.4,6.0,,19.3,18.55,,,17.45
4.2,5.75,2.75,3.0,3.75,,,,2.6,3.17,,9.95,10.95,,,9.55
5.2,6.75,4.25,4.25,4.75,,,,2.6,4.42,,13.7,14.2,,,12.05
3.8,6.25,,,,4.25,7.5,8.0,3.2,,6.58,,,18.0,,
4.8,4.25,,,,4.0,5.75,7.0,6.2,,5.58,,,14.0,,
4.0,7.0,,,,3.25,6.0,9.0,3.4,,6.08,,,16.25,,
4.2,5.5,,,,3.5,5.25,7.75,2.4,,5.5,,,14.25,,
2.6,6.0,,,,4.5,4.75,6.5,2.6,,5.25,,,15.25,,
3.8,5.75,,,,3.75,8.0,7.75,3.0,,6.5,,,17.5,,
3.8,6.25,,,,4.75,7.5,8.0,4.0,,6.75,,,18.5,,
5.8,6.25,,,,6.0,9.0,8.25,3.4,,7.75,,,21.25,,
3.0,3.0,,,,3.75,5.25,6.25,1.8,,5.08,,,12.0,,
2.2,5.5,,,,4.5,5.5,7.5,2.2,,5.83,,,15.5,,
3.4,2.25,,,,2.25,4.25,2.5,2.6,,3.0,,,8.75,,
4.0,5.25,,,,3.75,6.25,7.5,4.0,,5.83,,,15.25,,
2.6,2.5,,,,3.25,3.0,4.5,2.4,,3.58,,,8.75,,
3.4,4.5,,,,4.5,4.5,7.5,2.0,,5.5,,,13.5,,
4.0,5.25,,,,2.5,7.0,6.25,2.8,,5.25,,,14.75,,
4.2,2.75,,,,4.0,4.25,6.25,3.0,,4.83,,,11.0,,
2.0,5.0,,,,2.75,6.0,7.0,3.0,,5.25,,,13.75,10.0,
3.6,5.75,,,,4.5,7.75,8.25,3.2,,6.83,,,18.0,,
2.8,6.5,,,,2.75,5.25,7.25,2.4,,5.08,,,14.5,,
2.6,4.25,,,,3.75,5.0,8.25,3.6,,5.67,,,13.0,,
2.6,5.25,,,,2.75,4.25,5.5,1.8,,4.17,,,12.25,,
5.4,6.75,,,,5.25,6.0,8.75,3.2,,6.67,,,18.0,,
3.2,5.25,,,,5.0,5.0,7.5,2.8,,5.83,,,15.25,,
4.8,7.0,,,,3.25,6.25,7.75,3.6,,5.75,,,16.5,,
4.2,3.75,,,,4.75,4.75,6.75,2.6,,5.42,,,13.25,,
3.8,4.75,,,,4.75,6.0,8.5,2.2,,6.42,,,15.5,,
3.0,3.5,,,,4.0,5.5,8.0,5.4,,5.83,,,13.0,,
3.2,3.0,,,,2.75,7.0,6.75,4.2,,5.5,,,12.75,,
3.6,4.5,,,,3.5,6.75,7.5,3.0,,5.92,,,14.75,,
4.2,7.0,,,,5.0,6.0,7.5,3.2,,6.17,,,18.0,,
4.0,4.0,,,,3.5,3.75,8.0,1.4,,5.08,,,11.25,,
4.6,4.0,,,,3.5,8.0,7.75,3.2,,6.42,,,15.5,,
3.4,4.0,,,,3.25,4.0,6.75,3.0,,4.67,,,11.25,,
2.8,3.75,,,,4.25,6.0,5.25,1.8,,5.17,,,14.0,,
2.6,3.25,,,,2.25,4.25,5.5,3.0,,4.0,,,9.75,,
3.4,6.0,,,,3.25,5.5,7.25,2.4,,5.33,,,14.75,,
5.0,5.5,,,,2.25,7.5,8.5,4.4,,6.08,,,15.25,,
4.6,8.5,,,,6.5,7.0,9.25,4.0,,7.58,,,22.0,,
2.6,5.0,,,,2.75,5.75,7.75,2.4,,5.42,,,13.5,10.0,
3.2,5.5,,,,3.75,5.75,5.75,3.0,,5.08,,,15.0,,
3.0,3.5,,,,3.0,5.25,7.0,1.6,,5.08,,,11.75,,
3.4,5.75,,,,4.5,6.5,8.5,2.0,,6.5,,,16.75,,
6.0,8.0,,,,4.0,7.75,7.25,4.2,,6.33,,,19.75,,
3.4,5.75,,,,3.75,5.5,7.5,2.6,,5.58,,,15.0,,
3.6,5.25,,,,3.75,4.5,6.25,3.6,,4.83,,,13.5,,
2.0,5.25,,,,4.0,7.75,7.0,2.2,,6.25,,,17.0,,
4.4,6.75,,,,5.0,6.75,8.0,3.4,,6.58,,,18.5,,
3.4,4.5,,,,2.25,6.0,4.75,2.4,,4.33,,,12.75,,
2.8,2.75,,,,2.75,5.0,8.0,3.0,,5.25,,,10.5,,
6.2,7.25,2.75,4.75,5.75,,,,5.2,4.42,,13.7,16.7,,,14.15
4.0,7.5,,,,6.0,5.25,8.25,3.0,,6.5,,,18.75,,
2.2,2.5,,,,3.0,4.25,7.25,3.4,,4.83,,,9.75,,
3.8,7.5,,,,5.0,7.25,8.5,4.4,,6.92,,,19.75,,
4.2,5.5,,,,5.5,7.0,9.0,6.8,,7.17,,,18.0,,
4.6,6.0,,,,5.0,6.75,8.5,3.4,,6.75,,,17.75,14.0,
4.4,4.25,,,,3.5,6.25,6.0,1.8,,5.25,,,14.0,,
5.8,6.75,,,,8.0,7.5,7.75,3.6,,7.75,,,22.25,,
4.6,7.0,,,,5.75,7.25,8.25,2.8,,7.08,,,20.0,,
4.4,5.25,,,,4.0,6.5,7.75,2.6,,6.08,,,15.75,,
2.6,3.25,,,,2.5,3.75,5.75,3.0,,4.0,,,9.5,,
5.2,6.5,,,,2.5,6.5,7.0,2.0,,5.33,,,15.5,,
2.6,3.25,,,,3.25,5.0,4.5,2.2,,4.25,,,11.5,,
3.8,3.25,,,,2.75,5.5,6.0,3.0,,4.75,,,11.5,,
2.8,4.0,,,,3.0,5.0,7.75,2.8,,5.25,,,12.0,,
5.0,7.0,,,,3.0,5.0,7.5,3.6,,5.17,,,15.0,,
2.8,3.25,,,,3.25,6.25,7.75,3.8,,5.75,,,12.75,,
3.8,5.75,,,,3.0,5.25,8.5,2.8,,5.58,,,14.0,,
4.0,5.0,,,,2.75,6.0,8.5,3.6,,5.75,,,13.75,,
5.0,4.75,,,,5.0,6.5,8.25,1.6,,6.58,,,16.25,,
4.6,5.25,,,,2.0,3.75,6.75,3.0,,4.17,,,11.0,,
4.6,6.25,,,,3.0,4.5,7.25,3.6,,4.92,,,13.75,,
6.6,6.75,3.75,2.75,5.5,,,,4.0,4.0,,13.1,14.85,,,14.35
4.8,6.75,,,,6.75,8.25,9.75,4.8,,8.25,,,21.75,,
3.6,4.5,,,,3.0,6.25,7.75,2.8,,5.67,,,13.75,,
4.4,4.0,,,,1.5,5.5,6.75,3.4,,4.58,,,11.0,,
3.8,6.0,,,,4.25,5.25,8.25,3.8,,5.92,,,15.5,,
3.8,6.0,,,,3.5,5.5,,,,,,,15.0,,
5.8,6.75,,,,4.5,4.75,8.5,3.2,,5.92,,,16.0,,
2.6,2.25,,,,2.5,3.5,4.25,3.2,,3.42,,,8.25,,
4.8,7.0,,,,4.25,6.5,7.25,4.6,,6.0,,,17.75,,
3.0,3.25,,,,3.25,5.5,6.75,2.8,,5.17,,,12.0,,
2.6,7.0,,,,3.5,4.0,5.5,3.4,,4.33,,,14.5,13.0,
3.6,6.25,,,,4.25,5.0,5.75,2.8,,5.0,,,15.5,,
4.4,7.75,4.5,1.5,3.5,,,,3.0,3.17,,10.4,9.4,,,11.9
3.2,4.0,,,,4.25,5.0,7.0,2.0,,5.42,,,13.25,,
2.6,7.75,,,,2.5,4.75,5.25,5.0,,4.17,,,15.0,,
3.6,6.5,,,,5.25,5.25,5.5,3.0,,5.33,,,17.0,,
4.0,3.75,,,,3.0,5.25,6.25,2.4,,4.83,,,12.0,,
4.8,6.0,,,,1.5,3.0,5.0,2.2,,3.17,,,10.5,13.0,
4.0,7.25,,,,6.0,6.75,8.75,3.4,,7.17,,,20.0,,
3.4,6.75,,,,4.5,5.75,6.5,3.4,,5.58,,,17.0,,
4.8,6.5,,,,5.75,6.0,8.0,3.0,,6.58,,,18.25,,
4.8,7.0,,,,3.5,4.5,6.75,2.8,,4.92,,,15.0,,
2.8,5.0,,,,3.0,5.5,6.0,1.8,,4.83,,,13.5,,
1.8,4.25,,,,4.25,5.75,7.0,3.4,,5.67,,,14.25,,
3.8,5.75,,,,3.25,4.75,6.5,2.4,,4.83,,,13.75,,
3.0,6.75,,,,3.5,5.25,6.0,3.4,,4.92,,,15.5,,
3.0,7.0,,,,2.0,5.25,7.0,2.8,,4.75,,,14.25,,
4.6,8.0,,,,5.5,7.25,8.75,3.0,,7.17,,,20.75,,
3.8,6.5,,,,2.75,5.25,8.25,2.0,,5.42,,,14.5,,
1.8,5.0,,,,2.5,4.5,7.0,0.8,,4.67,,,12.0,,
4.6,7.0,,,,3.5,7.0,8.75,4.8,,6.42,,,17.5,,
4.4,6.75,,,,4.75,5.25,8.0,4.6,,6.0,,,16.75,,
4.4,7.5,,,,2.75,4.5,7.0,2.6,,4.75,,,14.75,,
4.8,5.25,,,,2.5,5.25,5.5,4.2,,4.42,,,13.0,,
2.2,6.0,,,,3.5,3.5,5.5,1.6,,4.17,,,13.0,,
3.2,4.0,,,,3.25,6.75,6.25,2.8,,5.42,,,14.0,10.0,
3.8,7.0,,,,2.25,5.0,7.25,2.6,,4.83,,,14.25,,
4.0,7.0,,,,4.25,5.5,8.0,2.4,,5.92,,,16.75,,
4.4,6.0,,,,4.25,6.5,7.5,3.4,,6.08,,,16.75,,
2.8,5.0,,,,5.0,6.0,5.5,3.0,,5.5,,,16.0,,
5.4,6.75,4.25,4.75,5.5,,,,4.2,4.83,,14.4,15.65,,,13.85
4.8,6.5,4.5,3.75,4.5,,,,2.2,4.25,,13.05,13.05,,,11.5
6.0,7.0,4.0,3.75,5.75,,,,2.6,4.5,,13.75,15.5,,,12.6
4.6,6.25,3.0,2.5,3.75,,,,4.8,3.08,,10.1,10.85,,,12.4
6.0,6.5,6.0,4.75,5.25,,,,5.4,5.33,,16.75,16.0,,,17.4
6.6,8.25,6.25,2.75,4.5,,,,7.8,4.5,,15.6,13.85,,,20.65
6.0,7.5,2.25,3.0,4.0,,,,5.6,3.08,,11.25,13.0,,,13.85
4.8,5.75,4.75,3.5,4.75,,,,5.2,4.33,,13.05,13.05,,,14.75
4.0,4.25,,,,2.75,5.5,,,,,,,12.5,,
5.6,7.5,,,,7.0,,,,,,,,,,
4.0,6.5,,,,,,,5.2,,,,,,,
2.8,1.25,,,,2.25,2.25,,,,,,,5.75,,
5.4,8.0,,,,4.0,,,,,,,,,,
4.6,,,4.5,6.25,,,,,,,,15.35,,,
4.4,5.75,,,,4.0,5.75,7.0,3.0,,5.58,,,15.5,,
2.6,5.25,,,,2.5,5.75,7.0,1.6,,5.08,,,13.5,,
5.0,7.25,5.25,3.5,3.25,,,,6.2,4.0,,13.75,11.75,,,16.45
2.6,4.75,,,,2.75,6.5,8.25,2.4,,5.83,,,14.0,,
4.2,6.0,,,,5.25,6.5,7.25,3.0,,6.33,,,17.75,,
3.0,4.0,,,,2.25,5.0,6.75,1.4,,4.67,,,11.25,,
3.4,5.5,,,,2.75,4.25,4.25,1.4,,3.75,,,12.5,,
5.4,7.25,5.25,6.75,3.5,,,,3.6,5.17,,17.4,15.65,,,14.25
3.8,4.0,3.5,3.25,3.5,,,,4.8,3.42,,10.55,10.55,,,12.1
2.8,5.0,,,,3.0,3.25,6.25,2.2,,4.17,,,11.25,10.0,
4.6,5.0,,,,4.0,7.0,8.25,2.8,,6.42,,,16.0,,
5.6,6.5,,,,2.25,6.25,7.5,1.6,,5.33,,,15.0,,
3.2,4.75,,,,2.25,6.5,5.75,2.8,,4.83,,,13.5,,
3.8,5.75,,,,3.75,5.5,7.25,2.2,,5.5,,,15.0,,
5.4,4.25,3.75,3.75,4.0,,,,3.0,3.83,,12.9,13.15,,,12.15
3.0,3.75,,,,4.25,5.0,5.0,1.8,,4.75,,,13.0,,
4.2,5.5,,,,3.75,6.0,7.25,2.6,,5.67,,,15.25,,
2.4,2.0,,,,2.0,3.25,6.25,1.6,,3.83,,,7.25,6.0,
4.4,5.25,,,,2.25,6.25,7.75,3.8,,5.42,,,13.75,,
3.2,5.5,,,,2.75,6.75,6.75,1.8,,5.42,,,15.0,,
5.0,6.0,,,,4.0,6.5,7.5,5.2,,6.0,,,16.5,,
3.0,5.75,,,,2.75,5.25,6.5,3.6,,4.83,,,13.75,,
2.8,6.75,,,,5.25,5.0,7.25,3.2,,5.83,,,17.0,,
3.4,6.25,,,,5.0,5.75,8.5,2.4,,6.42,,,17.0,,
4.2,7.0,,,,2.75,6.0,8.25,3.8,,5.67,,,15.75,15.0,
3.6,6.5,,,,2.0,5.0,6.75,3.2,,4.58,,,13.5,,
3.6,5.75,,,,3.5,6.25,8.0,2.2,,5.92,,,15.5,,
3.2,4.5,,,,1.75,4.25,4.75,2.0,,3.58,,,10.5,,
2.2,5.25,,,,3.0,5.25,6.5,2.4,,4.92,,,13.5,,
3.6,3.5,,,,4.0,5.75,6.5,2.4,,5.42,,,13.25,,
3.4,2.75,,,,2.25,3.75,4.0,2.8,,3.33,,,8.75,,
3.4,5.5,,,,3.25,6.5,6.75,2.2,,5.5,,,15.25,,
5.0,8.0,,,,3.75,8.25,8.75,3.4,,6.92,,,20.0,,
2.6,5.75,,,,2.5,3.5,7.5,2.8,,4.5,,,11.75,,
3.0,4.25,,,,4.25,4.75,5.5,2.2,,4.83,,,13.25,,
3.2,5.25,4.5,4.25,3.75,,,,3.6,4.17,,11.95,11.2,,,11.3
5.2,8.0,,,,5.25,6.75,7.5,3.2,,6.5,,,20.0,,
3.2,3.75,,,,3.25,3.25,4.5,2.0,,3.67,,,10.25,,
3.4,8.25,,,,7.5,7.75,8.0,2.6,,7.75,,,23.5,,
3.8,6.5,,,,4.0,7.25,7.75,2.8,,6.33,,,17.75,,
3.4,7.0,,,,4.25,6.25,7.5,3.8,,6.0,,,17.5,,
5.2,5.5,,,,4.25,5.5,7.0,3.2,,5.58,,,15.25,,
2.6,7.0,,,,3.75,5.0,7.25,2.8,,5.33,,,15.75,,
3.4,7.75,,,,3.75,5.75,7.5,2.6,,5.67,,,17.25,,
3.0,5.0,,,,3.0,4.5,6.75,2.6,,4.75,,,12.5,,
2.0,6.25,,,,2.75,7.25,8.0,1.8,,6.0,,,16.25,,
4.8,7.5,,,,4.0,7.25,7.75,4.2,,6.33,,,18.75,,
4.6,5.5,,,,4.0,4.5,6.0,2.0,,4.83,,,14.0,,
5.6,7.25,,,,5.5,8.0,8.75,3.4,,7.42,,,20.75,,
2.6,7.0,,,,4.75,6.25,7.5,3.2,,6.17,,,18.0,,
5.2,6.0,,,,3.75,5.75,7.75,3.6,,5.75,,,15.5,,
3.8,5.75,,,,3.75,6.5,8.0,2.8,,6.08,,,16.0,,
4.6,7.75,,,,5.25,7.25,7.0,4.2,,6.5,,,20.25,,
3.6,7.0,,,,3.0,4.5,6.25,3.2,,4.58,,,14.5,,
6.0,7.0,,,,5.0,7.25,8.0,1.2,,6.75,,,19.25,,
4.0,6.25,,,,5.75,7.75,8.25,2.2,,7.25,,,19.75,,
5.0,5.5,,,,3.75,5.75,8.25,2.4,,5.92,,,15.0,,
3.2,3.25,,,,2.75,5.0,7.5,2.2,,5.08,,,11.0,,
4.8,8.0,,,,2.75,6.75,8.0,3.2,,5.83,,,17.5,16.0,
2.0,2.25,,,,3.0,4.75,5.0,3.2,,4.25,,,10.0,,
2.8,4.5,,,,4.5,6.5,6.75,2.8,,5.92,,,15.5,,
5.2,8.0,,,,5.0,6.5,8.5,5.0,,6.67,,,19.5,,
5.4,7.0,,,,3.75,6.75,7.5,3.4,,6.0,,,17.5,,
4.2,5.25,,,,3.75,5.25,5.25,4.6,,4.75,,,14.25,,
3.8,7.0,,,,4.25,5.25,6.0,3.4,,5.17,,,16.5,,
3.6,6.0,,,,3.75,6.5,6.75,2.8,,5.67,,,16.25,,
5.4,4.0,6.75,3.0,2.5,,,,3.0,4.08,,15.15,10.9,,,15.15
3.6,7.5,,,,3.5,7.0,7.5,2.2,,6.0,,,18.0,,
3.4,6.25,,,,5.75,5.25,7.25,1.8,,6.08,,,17.25,,
2.2,2.75,,,,2.25,5.5,6.75,1.8,,4.83,,,10.5,,
2.8,5.25,,,,4.0,5.0,6.25,1.8,,5.08,,,14.25,,
2.2,6.0,,,,1.5,4.75,7.5,2.2,,4.58,,,12.25,,
4.0,5.5,,,,4.5,3.75,8.0,3.2,,5.42,,,13.75,,
3.4,3.75,,,,1.75,5.5,6.5,2.4,,4.58,,,11.0,,
1.8,5.5,,,,3.25,4.75,8.25,2.6,,5.42,,,13.5,,
5.0,4.25,,,,3.25,6.5,6.0,2.6,,5.25,,,14.0,,
4.8,7.25,,,,6.75,7.5,8.75,3.6,,7.67,,,21.5,,
1.8,1.75,,,,4.0,5.25,5.5,3.0,,4.92,,,11.0,,
3.8,4.5,,,,3.0,6.5,8.0,2.0,,5.83,,,14.0,,
3.0,5.0,,,,5.25,6.0,8.25,3.4,,6.5,,,16.25,,
2.8,5.25,,,,3.0,6.0,7.5,3.2,,5.5,,,14.25,,
4.2,6.25,,,,4.5,5.5,8.0,3.4,,6.0,,,16.25,,
4.4,3.75,,,,2.25,6.25,7.5,1.4,,5.33,,,12.25,,
4.2,3.75,,,,4.5,6.25,7.5,6.6,,6.08,,,14.5,,
2.6,3.5,,,,2.75,4.25,4.75,2.0,,3.92,,,10.5,,
4.6,7.25,,,,4.5,7.0,8.5,4.6,,6.67,,,18.75,,
3.4,5.0,,,,3.5,4.75,7.25,2.6,,5.17,,,13.25,11.0,
5.6,6.75,2.0,4.5,6.5,,,,3.4,4.33,,12.1,16.6,,,11.0
2.4,6.25,,,,2.25,6.0,5.5,3.0,,4.58,,,14.5,,
4.6,7.75,,,,3.75,6.75,6.75,3.4,,5.75,,,18.25,,
5.6,8.5,,,,6.5,7.75,8.5,2.6,,7.58,,,22.75,,
4.0,4.25,,,,3.75,5.25,7.0,4.4,,5.33,,,13.25,,
3.8,5.0,,,,3.25,7.25,5.5,2.8,,5.33,,,15.5,,
4.2,5.5,,,,2.75,5.5,7.0,1.8,,5.08,,,13.75,,
2.8,4.5,,,,2.5,5.5,6.0,3.2,,4.67,,,12.5,,
4.6,7.0,,,,6.25,7.0,7.5,2.6,,6.92,,,20.25,,
4.2,4.25,,,,3.25,6.75,6.5,3.2,,5.5,,,14.25,,
4.0,7.0,,,,4.25,5.75,8.25,2.4,,6.08,,,17.0,,
4.8,7.25,4.25,4.75,6.75,,,,4.4,5.25,,13.8,16.3,,,13.45
3.0,6.25,,,,3.75,4.75,8.25,3.8,,5.58,,,14.75,,
2.0,6.0,,,,3.5,5.0,6.0,2.4,,4.83,,,14.5,,
7.0,5.0,5.75,3.0,4.75,,,,6.2,4.5,,15.75,14.75,,,18.95
2.4,5.0,,,,3.0,4.75,7.75,2.2,,5.17,,,12.75,,
4.0,6.25,,,,5.25,4.75,7.0,4.0,,5.67,,,16.25,,
4.2,5.5,,,,4.75,7.0,7.75,3.8,,6.5,,,17.25,,
3.6,5.75,,,,4.25,4.5,8.0,3.4,,5.58,,,14.5,,
3.6,5.0,,,,3.5,5.75,6.25,2.4,,5.17,,,14.25,11.0,
5.4,7.25,,,,4.5,6.0,8.25,3.6,,6.25,,,17.75,,
2.4,6.25,,,,2.75,5.0,7.5,2.0,,5.08,,,14.0,,
3.0,5.5,,,,2.25,3.5,4.75,3.4,,3.5,,,11.25,,
3.6,4.0,,,,2.5,5.0,7.0,2.2,,4.83,,,11.5,,
3.8,7.25,,,,3.0,6.0,8.0,2.8,,5.67,,,16.25,,
3.4,5.5,,,,3.0,5.5,5.75,3.0,,4.75,,,14.0,,
2.6,5.0,,,,2.5,4.75,6.0,3.4,,4.42,,,12.25,11.0,
4.2,6.5,,,,7.0,8.0,8.5,4.4,,7.83,,,21.5,,
3.6,7.25,,,,6.25,8.75,7.0,2.4,,7.33,,,22.25,,
2.8,4.75,,,,3.0,3.0,4.0,1.6,,3.33,,,10.75,,
4.2,5.25,,,,4.0,5.0,7.25,4.2,,5.42,,,14.25,,
2.8,3.0,,,,1.75,3.75,5.25,1.2,,3.58,,,8.5,7.0,
2.0,5.5,,,,6.0,6.75,7.5,2.8,,6.75,,,18.25,,
1.4,5.5,,,,3.5,4.5,7.25,2.2,,5.08,,,13.5,,
5.4,7.5,,,,5.5,6.75,7.5,4.2,,6.58,,,19.75,,
3.6,4.5,,,,3.5,5.5,7.75,3.4,,5.58,,,13.5,,
2.0,4.75,,,,3.5,6.0,7.75,4.0,,5.75,,,14.25,,
3.4,3.75,,,,5.0,5.75,7.75,3.4,,6.17,,,14.5,,
3.0,6.75,,,,4.25,5.25,8.5,3.2,,6.0,,,16.25,,
2.4,6.75,,,,4.25,5.25,6.0,2.6,,5.17,,,16.25,,
4.4,7.0,,,,4.5,6.25,7.75,3.2,,6.17,,,17.75,,
6.0,8.0,4.75,5.5,6.25,,,,4.2,5.5,,16.25,17.75,,,14.95
3.4,6.0,,,,2.5,3.75,5.5,3.0,,3.92,,,12.25,,
2.4,3.5,,,,3.0,5.25,5.5,1.8,,4.58,,,11.75,,
3.2,3.0,,,,3.25,4.5,5.75,2.2,,4.5,,,10.75,,
1.8,4.75,,,,4.5,4.75,5.75,2.2,,5.0,,,14.0,,
4.0,5.25,,,,3.75,6.25,8.0,2.2,,6.0,,,15.25,,
2.8,4.0,,,,5.5,5.25,6.25,2.4,,5.67,,,14.75,,
2.6,3.75,,,,2.75,5.0,5.0,2.2,,4.25,,,11.5,,
2.6,5.5,,,,3.0,7.25,6.5,3.0,,5.58,,,15.75,,
3.2,4.25,,,,3.5,3.75,6.0,2.4,,4.42,,,11.5,,
4.0,8.0,,,,5.0,6.0,8.0,2.0,,6.33,,,19.0,14.0,
4.4,7.5,,,,6.25,6.25,8.5,3.4,,7.0,,,20.0,,
3.4,5.25,,,,2.75,5.25,7.75,2.8,,5.25,,,13.25,,
6.2,7.25,,,,6.0,8.25,9.0,2.4,,7.75,,,21.5,,
3.8,5.5,,,,3.25,5.25,6.25,2.2,,4.92,,,14.0,,
3.4,7.0,,,,4.5,7.25,8.25,3.0,,6.67,,,18.75,,
4.6,7.0,,,,5.5,7.25,8.5,4.8,,7.08,,,19.75,,
4.8,7.5,,,,4.5,6.25,7.75,3.2,,6.17,,,18.25,,
3.4,3.0,,,,3.5,5.75,6.75,2.2,,5.33,,,12.25,,
4.4,3.5,,,,3.0,6.5,7.25,3.8,,5.58,,,13.0,,
3.2,5.0,,,,3.5,6.75,7.25,2.4,,5.83,,,15.25,,
3.0,4.75,,,,2.5,4.0,5.5,1.8,,4.0,,,11.25,,
4.2,6.0,,,,3.25,6.0,8.25,2.8,,5.83,,,15.25,13.0,
3.2,4.75,,,,3.0,4.25,7.25,3.0,,4.83,,,12.0,,
5.0,6.0,,,,2.5,7.25,7.75,4.4,,5.83,,,15.75,,
1.4,5.5,,,,3.5,5.0,,,,,,,14.0,,
2.8,1.25,,,,5.5,6.25,,,,,,,13.0,,
1.8,3.0,,,,3.0,4.5,,,,,,,10.5,,
2.4,4.0,,,,1.5,3.75,,,,,,,9.25,,
4.6,5.0,,,,2.5,3.5,6.75,2.6,,4.25,,,11.0,,
3.8,5.25,,,,3.0,6.25,8.5,2.2,,5.92,,,14.5,,
4.4,4.25,,,,3.25,4.75,7.5,4.0,,5.17,,,12.25,,
4.8,5.5,3.25,5.0,4.75,,,,3.4,4.33,,13.05,14.55,,,11.45
3.8,6.0,,,,2.25,5.5,7.5,2.8,,5.08,,,13.75,,
6.8,6.75,,,,5.75,7.5,8.5,4.8,,7.25,,,20.0,,
3.0,5.5,,,,2.5,5.25,8.0,1.6,,5.25,,,13.25,,
4.6,6.0,,,,4.0,7.75,8.5,4.6,,6.75,,,17.75,,
5.6,6.5,,,,6.25,9.0,8.0,4.0,,7.75,,,21.75,,
3.0,5.0,,,,4.0,6.0,7.25,3.2,,5.75,,,15.0,,
4.2,6.25,,,,3.0,6.25,7.75,3.4,,5.67,,,15.5,,
4.8,6.25,,,,4.0,7.0,8.0,4.0,,6.33,,,17.25,,
4.4,7.0,,,,4.5,8.0,9.25,3.0,,7.25,,,19.5,,
3.2,6.25,,,,4.0,4.25,7.0,3.2,,5.08,,,14.5,,
3.0,8.0,,,,2.5,5.0,7.0,3.6,,4.83,,,15.5,,
2.8,4.5,,,,3.0,4.0,5.25,2.2,,4.08,,,11.5,,
3.6,5.75,,,,3.0,5.5,7.75,2.6,,5.42,,,14.25,,
3.0,6.75,,,,4.0,6.0,7.0,3.0,,5.67,,,16.75,,
2.4,6.0,,,,3.5,6.25,7.75,1.8,,5.83,,,15.75,,
2.2,6.0,,,,2.25,3.25,6.5,3.0,,4.0,,,11.5,,
3.0,3.75,,,,2.5,5.0,5.0,3.6,,4.17,,,11.25,,
7.2,3.0,5.75,5.5,5.5,,,,5.4,5.58,,18.45,18.2,,,18.35
4.2,6.25,,,,3.5,3.75,6.75,1.8,,4.67,,,13.5,,
3.8,4.5,,,,2.75,6.0,9.0,3.6,,5.92,,,13.25,,
5.8,7.5,,,,5.75,7.0,8.5,3.6,,7.08,,,20.25,,
6.0,4.5,,,,6.0,6.5,7.5,3.0,,6.67,,,17.0,,
3.8,5.5,,,,3.75,5.5,7.0,2.2,,5.42,,,14.75,,
4.4,6.0,,,,3.25,5.0,6.25,2.6,,4.83,,,14.25,13.0,
3.6,4.5,,,,2.75,6.25,7.0,3.0,,5.33,,,13.5,,
4.0,6.75,,,,4.5,5.25,8.25,3.4,,6.0,,,16.5,,
4.4,8.0,,,,4.5,5.75,7.75,4.8,,6.0,,,18.25,,
5.0,4.25,,,,4.25,4.0,6.75,3.2,,5.0,,,12.5,,
3.2,7.0,,,,4.0,5.25,7.75,2.4,,5.67,,,16.25,,
2.2,5.5,,,,4.25,6.75,7.25,2.6,,6.08,,,16.5,,
3.0,5.0,,,,3.0,3.5,4.75,2.2,,3.75,,,11.5,,
4.6,8.25,,,,5.75,8.25,8.75,5.2,,7.58,,,22.25,,
4.4,4.5,,,,2.0,5.25,8.0,2.4,,5.08,,,11.75,,
4.4,7.25,,,,6.0,7.25,9.0,3.8,,7.42,,,20.5,,
3.2,5.5,,,,1.0,5.0,6.25,2.8,,4.08,,,11.5,,
3.8,6.5,,,,4.25,5.25,7.0,2.8,,5.5,,,16.0,,
2.0,5.25,,,,2.75,4.75,5.75,1.8,,4.42,,,12.75,,
1.0,3.25,,,,2.75,4.25,6.75,2.2,,4.58,,,10.25,,
5.0,7.0,,,,4.5,6.0,8.25,4.8,,6.25,,,17.5,,
4.0,6.5,,,,4.25,7.75,8.75,2.8,,6.92,,,18.5,,
2.2,4.25,,,,2.75,5.0,6.25,3.2,,4.67,,,12.0,,
5.4,7.75,,,,5.5,6.5,9.25,3.2,,7.08,,,19.75,,
3.4,6.5,,,,6.5,6.25,8.25,3.4,,7.0,,,19.25,,
3.4,6.0,,,,3.0,6.0,8.25,4.0,,5.75,,,15.0,,
3.2,4.0,,,,2.75,4.75,6.75,3.4,,4.75,,,11.5,,
4.0,6.75,,,,3.0,5.25,7.25,4.2,,5.17,,,15.0,,
4.8,6.0,,,,4.0,5.75,8.25,2.8,,6.0,,,15.75,,
3.4,5.75,,,,3.75,4.75,7.0,2.2,,5.17,,,14.25,,
3.8,6.75,,,,3.5,6.25,8.75,3.0,,6.17,,,16.5,,
2.8,5.5,,,,3.0,4.75,,,,,,,13.25,,
2.4,3.75,,,,2.75,4.0,,,,,,,10.5,,
2.6,2.75,,,,4.0,3.75,,,,,,,10.5,,
1.6,2.75,,,,2.75,3.5,,,,,,,9.0,,
2.6,4.0,,,,3.0,5.25,,,,,,,12.25,,
2.8,3.5,,,,2.75,5.0,,,,,,,11.25,,
3.6,2.25,,,,3.25,1.75,,,,,,,7.25,,
1.6,2.25,,,,3.25,4.0,,,,,,,9.5,,
3.4,5.0,,,,4.5,6.0,,,,,,,15.5,,
2.4,4.0,,,,2.0,4.75,,,,,,,10.75,,
3.2,4.25,,,,3.25,4.75,,,,,,,12.25,,
3.6,2.75,,,,2.75,4.5,,,,,,,10.0,,
3.0,2.0,,,,3.25,5.0,,,,,,,10.25,,
2.4,2.0,,,,2.5,1.5,,,,,,,6.0,,
2.0,2.5,,,,3.75,5.5,,,,,,,11.75,,
1.8,3.5,,,,3.75,4.5,,,,,,,11.75,,
3.6,6.75,,,,4.25,6.0,7.5,4.6,,5.92,,,17.0,,
4.0,6.75,,,,4.25,6.25,7.25,2.8,,5.92,,,17.25,,
4.4,8.0,,,,6.75,8.0,9.0,4.0,,7.92,,,22.75,,
4.2,6.0,,,,5.5,8.25,9.0,2.6,,7.58,,,19.75,,
3.0,3.75,,,,3.0,4.25,6.25,2.4,,4.5,,,11.0,,
6.4,6.5,,,,,,,4.0,,,,,,,
2.0,2.25,,,,3.0,5.0,,,,,,,10.25,,
1.2,2.25,,,,2.5,3.5,,,,,,,8.25,,
2.6,1.75,,,,2.5,4.0,,,,,,,8.25,,
,7.5,,,,6.5,8.5,,,,,,,22.5,,
2.2,2.0,,,,4.75,2.0,,,,,,,8.75,,
2.2,2.75,,,,3.0,6.0,,,,,,,11.75,,
,5.75,,,,5.5,6.5,,,,,,,17.75,,
3.6,3.25,,,,4.0,5.25,6.0,2.2,,5.08,,,12.5,,
2.4,1.25,,,,3.75,4.5,5.25,1.6,,4.5,,,9.5,,
2.0,3.75,,,,3.75,4.0,4.5,3.4,,4.08,,,11.5,,
,6.0,,,,4.0,5.75,,,,,,,15.75,,
2.0,3.25,,,,3.5,5.0,,,,,,,11.75,,
1.8,2.25,,,,2.5,4.25,4.25,2.8,,3.67,,,9.0,,
2.2,2.5,,,,5.25,5.25,,,,,,,13.0,,
3.4,,,,,4.25,4.25,5.75,2.8,,4.75,,,,,
3.0,1.25,,,,2.0,4.5,5.25,4.0,,3.92,,,7.75,,
3.0,2.25,,,,3.75,5.25,4.75,2.6,,4.58,,,11.25,,
3.4,5.0,,,,4.25,4.0,,,,,,,13.25,,
3.0,6.0,,,,5.0,5.5,7.5,2.6,,6.0,,,16.5,,
2.6,5.0,,,,2.25,3.25,6.75,2.6,,4.08,,,10.5,,
4.2,5.5,,,,2.75,6.5,6.5,3.6,,5.25,,,14.75,,
3.0,4.0,,,,2.25,5.25,5.0,2.8,,4.17,,,11.5,,
4.2,6.75,,,,3.5,6.0,7.5,3.2,,5.67,,,16.25,,
3.8,7.0,,,,4.5,5.75,8.0,2.4,,6.08,,,17.25,,
2.8,5.5,,,,3.75,5.25,5.5,3.4,,4.83,,,14.5,,
3.6,5.0,,,,3.25,3.0,5.5,2.6,,3.92,,,11.25,,
3.0,6.5,,,,4.5,7.5,8.75,2.0,,6.92,,,18.5,,
3.6,7.25,,,,4.25,6.75,8.0,4.4,,6.33,,,18.25,,
4.2,5.5,,,,3.0,5.25,8.75,2.0,,5.67,,,13.75,,
3.8,5.5,,,,5.0,6.0,8.5,2.4,,6.5,,,16.5,,
4.0,6.75,,,,2.25,4.75,7.0,4.2,,4.67,,,13.75,,
3.8,2.75,,,,1.5,3.25,3.5,4.2,,2.75,,,7.5,,
5.0,5.0,,,,1.0,4.5,7.5,3.8,,4.33,,,10.5,,
3.2,4.75,,,,4.5,5.0,7.75,3.8,,5.75,,,14.25,,
2.4,3.75,,,,3.5,5.5,6.5,3.0,,5.17,,,12.75,,
3.4,5.25,,,,2.75,3.75,7.0,2.0,,4.5,,,11.75,,
3.2,4.25,,,,2.0,3.75,7.5,2.8,,4.42,,,10.0,,
3.6,4.5,,,,3.5,1.75,3.25,2.4,,2.83,,,9.75,,
5.2,6.0,3.0,3.0,2.75,,,,2.0,2.92,,11.2,10.95,,,10.2
2.8,4.25,,,,1.5,5.0,6.0,3.2,,4.17,,,10.75,,
4.6,5.5,,,,3.75,6.25,8.0,3.6,,6.0,,,15.5,,
2.0,7.25,,,,3.75,6.25,7.5,3.6,,5.83,,,17.25,,
7.6,7.5,7.5,8.0,4.0,,,,4.4,6.5,,23.1,19.6,,,19.5
5.0,4.5,,,,3.25,6.25,8.25,2.2,,5.92,,,14.0,,
4.8,4.5,3.25,2.0,4.75,,,,5.6,3.33,,10.05,11.55,,,13.65
4.6,5.25,,,,3.5,4.75,7.25,2.8,,5.17,,,13.5,,
6.6,8.75,,,,5.25,8.0,7.75,6.2,,7.0,,,22.0,,
4.2,6.0,,,,4.5,5.75,7.25,3.4,,5.83,,,16.25,,
4.8,7.75,,,,4.5,6.5,7.75,4.4,,6.25,,,18.75,,
3.8,6.75,,,,6.0,8.5,7.75,3.4,,7.42,,,21.25,,
3.4,7.5,,,,4.75,6.5,7.0,2.8,,6.08,,,18.75,,
3.6,6.75,,,,4.75,5.25,8.0,2.2,,6.0,,,16.75,,
4.4,6.25,,,,3.75,5.75,7.5,2.6,,5.67,,,15.75,,
3.6,4.25,,,,2.0,5.25,6.5,4.2,,4.58,,,11.5,,
5.0,5.75,,,,5.0,8.5,8.25,2.6,,7.25,,,19.25,,
2.8,4.5,,,,3.0,5.0,4.0,2.4,,4.0,,,12.5,,
3.2,5.0,,,,2.0,4.0,5.75,2.4,,3.92,,,11.0,,
4.2,5.75,,,,3.25,4.25,7.75,3.8,,5.08,,,13.25,,
1.2,4.5,,,,3.0,4.0,5.75,3.2,,4.25,,,11.5,,
3.6,5.5,,,,4.5,5.5,6.25,2.0,,5.42,,,15.5,,
3.6,6.5,,,,4.25,5.25,8.0,3.6,,5.83,,,16.0,,
3.2,5.75,,,,2.75,5.25,5.75,3.6,,4.58,,,13.75,,
4.0,6.25,,,,1.75,4.0,6.75,5.2,,4.17,,,12.0,,
2.0,2.75,,,,2.5,4.25,5.25,3.4,,4.0,,,9.5,,
1.6,2.75,,,,2.0,5.0,5.5,3.2,,4.17,,,9.75,,
4.0,3.5,,,,6.0,5.75,8.75,2.6,,6.83,,,15.25,,
2.8,3.5,,,,3.25,5.25,3.5,3.0,,4.0,,,12.0,,
5.0,6.5,,,,2.75,5.75,8.25,4.2,,5.58,,,15.0,,
4.6,7.25,,,,4.5,6.25,7.25,4.4,,6.0,,,18.0,,
4.4,7.0,,,,3.5,7.5,7.25,2.6,,6.08,,,18.0,14.0,
5.6,6.75,,,,4.5,7.0,8.0,4.8,,6.5,,,18.25,,
3.0,7.0,,,,5.0,6.5,8.25,3.2,,6.58,,,18.5,,
2.2,3.25,,,,2.25,5.0,5.75,1.8,,4.33,,,10.5,,
4.4,5.25,,,,5.0,7.25,8.25,2.4,,6.83,,,17.5,,
3.8,4.75,,,,3.0,5.75,8.0,2.4,,5.58,,,13.5,,
5.6,5.75,4.75,2.5,5.75,,,,3.0,4.33,,12.85,13.85,,,13.35
3.4,6.5,,,,2.75,4.25,6.0,3.4,,4.33,,,13.5,,
2.0,3.5,,,,3.5,4.5,4.75,2.4,,4.25,,,11.5,,
3.2,3.75,,,,3.5,5.25,8.25,3.2,,5.67,,,12.5,,
4.4,6.0,,,,2.5,5.25,7.0,3.4,,4.92,,,13.75,,
2.4,2.75,4.0,2.5,2.5,,,,,3.0,,8.9,7.4,,,
2.6,2.5,3.0,1.75,4.0,,,,2.2,2.92,,7.35,8.35,,,7.8
4.0,7.0,,,,4.0,,,,,,,,,,
,5.0,,,,3.75,6.25,,,,,,,15.0,,
,8.5,,,,6.5,7.75,,,,,,,22.75,,
3.4,5.0,,,,3.75,5.0,,,,,,,13.75,,
,6.25,,,,4.75,6.75,,,,,,,17.75,,
,4.0,,,,4.25,2.75,,,,,,,11.0,,
4.0,4.5,,,,2.75,5.0,,,,,,,12.25,,
,7.5,,,,6.75,6.5,,,,,,,20.75,,
4.0,4.75,,,,3.25,2.5,7.75,3.4,,4.5,,,10.5,,
6.0,7.5,,,,5.75,8.5,9.0,4.2,,7.75,,,21.75,,
3.2,6.0,3.75,3.25,3.25,,,,3.6,3.42,,10.2,9.7,,,10.55
4.8,7.25,,,,5.0,8.5,9.5,2.8,,7.67,,,20.75,,
6.4,6.5,5.25,3.75,4.75,,,,2.0,4.58,,15.4,14.9,,,13.65
2.8,5.5,,,,1.75,4.0,5.0,3.0,,3.58,,,11.25,,
3.4,4.75,,,,2.25,4.0,6.0,2.6,,4.08,,,11.0,,
4.8,4.5,4.5,3.75,4.75,,,,2.6,4.33,,13.05,13.3,,,11.9
1.8,5.5,,,,2.75,4.25,5.5,2.0,,4.17,,,12.5,,
4.6,7.75,,,,4.25,6.5,7.5,2.4,,6.08,,,18.5,,
3.0,6.0,,,,2.5,7.0,8.25,2.0,,5.92,,,15.5,11.0,
5.0,6.25,,,,4.5,6.0,7.5,3.8,,6.0,,,16.75,,
4.2,6.25,,,,3.5,4.5,7.0,3.6,,5.0,,,14.25,,
5.0,7.25,,,,3.75,6.5,8.25,5.8,,6.17,,,17.5,,
3.6,5.25,,,,4.75,6.0,7.25,2.4,,6.0,,,16.0,,
4.6,5.75,,,,3.25,5.25,6.5,2.2,,5.0,,,14.25,,
2.8,5.75,,,,3.5,5.25,5.75,2.4,,4.83,,,14.5,,
4.4,5.0,,,,2.5,5.75,7.0,2.8,,5.08,,,13.25,,
5.8,4.5,2.75,4.5,3.5,,,,3.4,3.58,,13.05,13.8,,,11.95
6.8,7.0,6.0,5.0,5.25,,,,3.2,5.42,,17.8,17.05,,17.0,16.0
3.0,5.25,,,,2.25,4.75,5.0,2.6,,4.0,,,12.25,,
5.0,6.0,,,,2.5,6.5,7.25,3.2,,5.42,,,15.0,,
3.2,6.75,,,,2.75,3.25,5.5,3.2,,3.83,,,12.75,,
4.2,6.0,,,,4.75,7.25,8.75,3.8,,6.92,,,18.0,14.0,
4.8,5.5,,,,4.25,6.5,7.75,1.8,,6.17,,,16.25,,
3.6,7.5,,,,4.0,7.0,8.25,2.8,,6.42,,,18.5,,
2.2,7.75,,,,2.75,5.0,7.5,3.6,,5.08,,,15.5,,
2.6,5.25,,,,3.0,4.25,5.5,2.6,,4.25,,,12.5,,
2.8,6.25,,,,4.0,4.75,6.75,2.2,,5.17,,,15.0,,
2.2,4.5,,,,2.25,4.25,8.0,2.6,,4.83,,,11.0,,
4.4,6.0,,,,2.25,5.0,7.5,2.0,,4.92,,,13.25,,
3.8,5.25,,,,4.25,5.75,8.0,2.4,,6.0,,,15.25,,
5.4,7.75,,,,3.5,7.0,8.25,3.2,,6.25,,,18.25,,
3.4,7.0,,,,3.75,5.0,8.5,3.2,,5.75,,,15.75,,
3.0,7.25,,,,4.75,7.25,7.75,3.6,,6.58,,,19.25,,
3.8,3.75,,,,3.25,4.25,5.25,3.0,,4.25,,,11.25,,
3.2,6.0,,,,4.5,5.5,6.75,2.8,,5.58,,,16.0,12.0,
3.4,7.0,,,,4.25,6.5,7.75,2.8,,6.17,,,17.75,,
2.2,2.25,,,,4.0,5.0,6.75,2.4,,5.25,,,11.25,,
2.2,3.5,,,,2.75,5.25,6.75,2.2,,4.92,,,11.5,,
4.2,4.25,,,,5.0,4.75,5.0,2.4,,4.92,,,14.0,,
3.8,3.25,,,,2.5,4.0,5.5,2.2,,4.0,,,9.75,,
4.6,7.5,,,,5.75,6.5,8.75,3.2,,7.0,,,19.75,,
4.6,4.0,,,,3.75,5.5,7.0,2.4,,5.42,,,13.25,11.0,
3.4,3.25,,,,2.25,4.0,5.5,3.2,,3.92,,,9.5,,
4.4,4.25,,,,4.0,5.75,6.5,2.2,,5.42,,,14.0,,
2.0,6.75,,,,3.25,5.25,7.5,3.6,,5.33,,,15.25,,
2.6,4.25,,,,2.5,4.75,6.75,2.6,,4.67,,,11.5,,
2.8,6.75,,,,2.5,4.5,5.25,2.0,,4.08,,,13.75,,
3.8,5.0,,,,6.5,6.25,7.75,3.0,,6.83,,,17.75,,
2.8,7.0,,,,1.75,6.0,7.0,2.0,,4.92,,,14.75,,
4.2,6.5,,,,3.5,6.5,7.25,2.2,,5.75,,,16.5,,
3.8,3.25,,,,2.75,4.5,5.75,2.0,,4.33,,,10.5,,
3.6,3.0,,,,2.25,4.5,5.0,2.6,,3.92,,,9.75,,
3.6,5.75,,,,2.75,4.0,7.0,3.2,,4.58,,,12.5,,
4.0,6.5,,,,4.0,5.75,8.75,2.4,,6.17,,,16.25,,
3.0,6.0,,,,4.0,7.0,8.75,2.6,,6.58,,,17.0,,
6.0,8.0,,,,4.0,5.25,9.5,3.2,,6.25,,,17.25,,
3.2,6.0,,,,3.5,5.5,7.5,3.2,,5.5,,,15.0,,
2.2,4.0,,,,4.0,4.0,5.5,2.8,,4.5,,,12.0,9.0,
1.6,3.75,,,,2.75,4.75,4.75,2.6,,4.08,,,11.25,,
3.6,4.0,,,,2.0,5.0,6.75,3.2,,4.58,,,11.0,,
2.4,5.5,,,,5.0,4.25,7.75,2.4,,5.67,,,14.75,,
5.2,6.5,,,,3.75,5.5,7.5,2.8,,5.58,,,15.75,,
4.0,4.5,,,,4.75,5.5,8.5,3.6,,6.25,,,14.75,,
2.8,6.0,,,,5.0,4.5,7.75,1.8,,5.75,,,15.5,,
4.4,6.75,,,,4.0,4.75,9.0,1.8,,5.92,,,15.5,,
2.2,5.25,,,,2.5,5.25,6.75,2.0,,4.83,,,13.0,,
3.4,3.75,,,,3.25,4.5,6.5,2.4,,4.75,,,11.5,,
5.6,5.75,4.75,5.5,3.25,,,,1.4,4.5,,15.85,14.35,,,11.75
4.6,3.0,,,,3.75,5.75,4.0,3.0,,4.5,,,12.5,,
2.2,4.25,,,,3.75,5.0,6.5,2.8,,5.08,,,13.0,,
3.2,4.0,,,,4.0,3.5,6.25,2.4,,4.58,,,11.5,,
2.4,5.75,,,,2.75,6.0,6.25,1.6,,5.0,,,14.5,,
4.2,6.5,,,,4.5,8.5,8.75,3.4,,7.25,,,19.5,,
5.0,5.75,,,,4.25,7.5,8.75,2.2,,6.83,,,17.5,,
3.8,3.75,,,,3.25,5.25,4.75,1.6,,4.42,,,12.25,,
3.2,4.5,,,,3.5,6.0,5.25,2.6,,4.92,,,14.0,,
5.2,5.0,,,,5.25,7.25,8.0,3.2,,6.83,,,17.5,,
4.6,5.25,,,,3.75,6.5,8.5,4.2,,6.25,,,15.5,,
1.8,5.5,,,,4.0,4.25,6.0,1.4,,4.75,,,13.75,,
3.2,6.0,,,,4.0,7.25,7.75,3.6,,6.33,,,17.25,,
3.2,5.25,,,,6.0,6.75,7.25,1.6,,6.67,,,18.0,,
3.6,5.0,,,,2.75,3.75,6.5,2.4,,4.33,,,11.5,11.0,
3.4,3.75,,,,4.25,5.0,5.5,2.6,,4.92,,,13.0,,
3.6,3.0,,,,2.75,5.75,,,,,,,11.5,,
2.8,3.75,,,,4.25,6.5,,,,,,,14.5,,
2.0,4.75,,,,3.75,6.0,,,,,,,14.5,,
3.0,3.75,,,,2.75,5.25,,,,,,,11.75,,
2.0,5.0,,,,3.75,5.5,,,,,,,14.25,,
3.2,2.75,,,,2.75,3.75,,,,,,,9.25,,
4.2,7.25,,,,3.5,7.5,7.25,7.2,,6.08,,,18.25,,
6.4,5.0,6.25,7.0,8.0,,,,5.2,7.08,,19.65,21.4,,,17.85
5.8,6.0,5.5,5.75,4.5,,,,6.2,5.25,,17.05,16.05,,18.0,17.5
3.6,5.5,,,,3.25,6.0,5.5,3.6,,4.92,,,14.75,,
6.8,3.75,6.5,5.25,4.25,,,,3.6,5.33,,18.55,16.3,,,16.9
4.8,7.25,,,,3.75,5.25,7.5,6.0,,5.5,,,16.25,,
6.0,8.0,,,,4.25,7.25,7.75,7.2,,6.42,,,19.5,,
3.6,6.5,,,,2.5,4.25,5.5,4.8,,4.08,,,13.25,,
3.2,8.5,,,,4.25,7.0,7.0,3.4,,6.08,,,19.75,,
6.4,7.75,,,,4.25,5.25,7.75,,,5.75,,,17.25,,
5.8,7.25,,,,2.75,5.75,7.25,,,5.25,,,15.75,,
7.0,8.25,,,,3.75,5.75,7.5,7.4,,5.67,,,17.75,,
5.0,7.0,,,,3.0,6.0,7.75,2.6,,5.58,,,16.0,,
3.4,7.25,,,,4.25,7.25,8.5,2.0,,6.67,,,18.75,,
3.0,3.5,,,,3.75,4.75,8.25,1.0,,5.58,,,12.0,,
4.2,4.0,,,,5.25,7.25,6.5,2.6,,6.33,,,16.5,,
3.0,5.5,,,,3.75,5.0,6.25,2.6,,5.0,,,14.25,,
3.0,7.0,,,,3.25,5.25,8.5,4.0,,5.67,,,15.5,14.0,
5.2,5.5,3.75,4.0,4.5,,,,4.0,4.08,,12.95,13.7,,,12.95
3.4,5.25,,,,4.5,4.25,7.0,2.6,,5.25,,,14.0,,
2.0,5.0,,,,3.5,5.0,6.25,2.2,,4.92,,,13.5,,
2.8,5.25,,,,2.25,4.5,6.0,2.6,,4.25,,,12.0,,
3.8,5.5,,,,3.5,5.0,6.5,2.4,,5.0,,,14.0,,
3.8,2.75,,,,3.75,4.75,4.5,2.4,,4.33,,,11.25,,
4.6,6.25,,,,3.75,6.5,7.75,3.0,,6.0,,,16.5,,
3.8,6.5,,,,4.75,6.75,6.5,3.4,,6.0,,,18.0,,
4.0,6.5,,,,6.0,7.5,7.0,4.4,,6.83,,,20.0,,
2.4,5.0,,,,2.75,4.75,6.75,2.6,,4.75,,,12.5,10.0,
2.2,3.25,,,,2.75,2.0,3.5,3.0,,2.75,,,8.0,,
3.2,4.0,,,,2.75,5.25,5.5,2.6,,4.5,,,12.0,,
3.4,4.5,,,,5.0,3.5,5.75,3.4,,4.75,,,13.0,,
4.0,6.75,,,,3.25,6.5,7.5,4.0,,5.75,,,16.5,,
5.4,5.75,,,,3.75,5.0,7.5,2.4,,5.42,,,14.5,,
4.0,5.75,,,,4.0,4.75,8.75,3.2,,5.83,,,14.5,,
4.8,7.25,,,,6.75,6.0,8.25,2.4,,7.0,,,20.0,,
5.8,5.25,,,,4.0,8.0,9.0,3.8,,7.0,,,17.25,,
3.6,6.5,,,,3.75,6.5,7.75,4.0,,6.0,,,16.75,,
3.6,6.0,,,,4.0,6.5,7.75,3.2,,6.08,,,16.5,,
3.0,3.0,,,,3.0,4.5,6.75,1.4,,4.75,,,10.5,,
6.0,6.0,,,,4.5,6.5,9.5,4.4,,6.83,,,17.0,,
3.6,5.5,,,,6.0,8.0,8.5,3.6,,7.5,,,19.5,,
4.0,5.5,,,,3.5,6.0,8.25,3.8,,5.92,,,15.0,,
3.8,4.5,,,,3.75,6.5,7.75,2.0,,6.0,,,14.75,,
4.6,7.75,,,,6.75,7.0,8.75,4.0,,7.5,,,21.5,,
4.6,6.75,,,,3.0,6.75,7.5,2.4,,5.75,,,16.5,,
5.0,5.75,,,,5.5,7.5,8.5,2.2,,7.17,,,18.75,,
2.6,3.5,,,,2.75,4.25,5.5,3.6,,4.17,,,10.5,,
4.6,7.0,,,,3.5,5.5,7.5,3.6,,5.5,,,16.0,,
4.8,6.0,,,,3.75,6.75,9.5,3.6,,6.67,,,16.5,,
4.8,6.75,,,,3.75,7.75,8.5,3.6,,6.67,,,18.25,,
4.2,5.25,,,,4.5,4.75,9.0,3.0,,6.08,,,14.5,,
3.2,4.25,,,,2.0,2.5,4.75,2.0,,3.08,,,8.75,,
,6.25,,,,,,7.25,3.0,,,,,,,
,7.0,,,,5.5,8.0,,,,,,,20.5,,
2.0,3.0,,,,2.25,2.25,5.0,3.2,,3.17,,,7.5,,
,6.5,,,,5.5,6.25,,,,,,,18.25,,
6.8,8.5,,,,7.25,,,,,,,,,,
6.2,5.25,,,,6.0,6.0,,,,,,,17.25,,
7.6,,7.25,7.0,,,,,,,,21.85,,,,
5.0,6.5,2.25,2.5,,8.5,,,,,,9.75,,,,
5.8,,2.75,3.0,,,,,3.8,,,11.55,,,,12.35
2.2,4.0,,,,2.25,3.25,,,,,,,9.5,,
,5.5,,,,5.5,6.0,,,,,,,17.0,,
3.2,4.0,,,,2.75,2.5,,,,,,,9.25,,
,6.5,,,,3.0,6.0,,,,,,,15.5,,
,5.0,,,,5.0,6.75,,,,,,,16.75,,
,7.0,,,,8.25,7.0,,,,,,,22.25,,
,7.5,,,,7.0,7.0,,,,,,,21.5,,
,7.5,,,,7.25,8.75,,,,,,,23.5,,
4.6,3.75,,,,3.25,6.25,7.0,3.0,,5.5,,,13.25,,
2.8,5.5,,,,4.25,5.5,6.25,2.8,,5.33,,,15.25,,
3.6,7.0,,,,5.25,4.5,6.75,3.6,,5.5,,,16.75,,
1.6,3.0,,,,4.25,4.75,7.0,1.8,,5.33,,,12.0,,
2.8,3.5,,,,2.75,4.5,6.5,2.8,,4.58,,,10.75,,
3.4,6.25,,,,3.25,3.5,6.5,3.8,,4.42,,,13.0,,
3.6,5.25,,,,4.75,7.25,8.25,3.0,,6.75,,,17.25,,
3.6,7.0,,,,4.75,7.0,9.0,2.0,,6.92,,,18.75,,
3.6,5.5,,,,4.5,6.25,8.0,3.4,,6.25,,,16.25,,
2.8,4.5,,,,1.75,4.25,6.0,3.2,,4.0,,,10.5,,
3.0,5.0,,,,4.75,6.5,7.5,1.8,,6.25,,,16.25,,
2.6,5.75,,,,3.25,2.25,4.0,4.0,,3.17,,,11.25,,
3.0,6.5,,,,4.25,4.5,7.25,1.2,,5.33,,,15.25,,
5.6,4.5,,,,4.75,6.0,8.75,2.6,,6.5,,,15.25,,
2.8,7.25,,,,3.75,4.0,7.25,2.2,,5.0,,,15.0,,
1.8,3.25,,,,3.0,3.25,4.75,2.6,,3.67,,,9.5,,
3.8,5.0,,,,3.75,6.25,7.25,3.2,,5.75,,,15.0,12.0,
5.6,7.5,,,,3.5,8.0,7.25,3.2,,6.25,,,19.0,,
3.6,3.75,,,,2.5,4.75,6.0,2.4,,4.42,,,11.0,,
2.8,5.75,,,,2.5,3.75,5.5,3.2,,3.92,,,12.0,,
3.4,7.5,,,,4.25,7.25,8.25,3.0,,6.58,,,19.0,,
2.6,5.75,,,,2.75,6.0,5.75,3.0,,4.83,,,14.5,,
3.2,3.25,,,,2.75,6.25,5.75,3.0,,4.92,,,12.25,,
3.6,6.0,,,,3.25,5.75,7.5,3.6,,5.5,,,15.0,,
3.8,3.25,,,,3.5,6.5,8.0,3.2,,6.0,,,13.25,,
3.0,5.5,,,,4.75,4.75,7.5,3.6,,5.67,,,15.0,,
2.4,1.75,,,,3.25,4.5,6.25,5.0,,4.67,,,9.5,,
1.8,5.75,,,,2.5,6.75,7.75,2.8,,5.67,,,15.0,,
3.2,6.0,,,,3.25,4.75,7.75,3.6,,5.25,,,14.0,,
2.0,4.0,,,,3.75,3.75,4.5,3.8,,4.0,,,11.5,,
1.4,4.0,,,,4.5,4.0,4.75,2.6,,4.42,,,12.5,8.0,
5.2,5.5,,,,6.0,7.75,7.25,4.4,,7.0,,,19.25,,
3.6,6.5,,,,4.75,6.5,8.0,2.6,,6.42,,,17.75,,
3.8,5.75,,,,4.0,4.0,7.75,3.0,,5.25,,,13.75,,
2.0,4.0,,,,4.75,6.25,6.25,2.2,,5.75,,,15.0,,
3.6,7.25,,,,5.75,6.25,9.0,2.4,,7.0,,,19.25,,
2.2,4.0,,,,2.5,3.25,4.0,2.8,,3.25,,,9.75,9.0,
4.0,5.75,,,,1.75,4.5,7.25,4.0,,4.5,,,12.0,,
5.6,6.25,,,,3.5,8.0,9.0,2.8,,6.83,,,17.75,,
2.4,6.25,,,,2.25,5.0,7.75,3.2,,5.0,,,13.5,,
4.2,6.25,,,,3.25,6.25,7.0,3.2,,5.5,,,15.75,,
4.2,7.25,,,,3.5,6.0,8.5,3.6,,6.0,,,16.75,,
4.4,6.5,,,,4.5,5.25,7.75,2.2,,5.83,,,16.25,,
4.8,4.25,,,,3.75,3.0,7.75,3.8,,4.83,,,11.0,,
5.4,7.5,,,,3.0,5.5,8.0,3.2,,5.5,,,16.0,,
2.8,5.0,,,,2.75,5.0,5.75,2.4,,4.5,,,12.75,,
2.8,7.75,,,,4.0,7.75,7.75,3.2,,6.5,,,19.5,,
4.0,7.0,,,,2.75,7.5,8.75,3.0,,6.33,,,17.25,14.0,
4.8,6.25,,,,2.75,5.0,7.75,2.4,,5.17,,,14.0,,
4.4,7.25,4.75,4.75,5.75,,,,3.2,5.08,,13.9,14.9,,,12.35
5.6,7.25,5.25,2.75,4.5,,,,3.0,4.17,,13.6,12.85,,,13.85
3.8,4.75,,,,3.25,4.0,5.5,3.8,,4.25,,,12.0,,
4.8,6.25,,,,4.5,5.0,7.25,4.0,,5.58,,,15.75,,
2.4,5.25,,,,2.75,3.5,6.0,1.8,,4.08,,,11.5,,
4.8,5.75,,,,3.25,5.5,8.0,2.4,,5.58,,,14.5,,
3.8,5.0,,,,2.75,5.5,7.5,3.0,,5.25,,,13.25,,
5.2,7.25,,,,5.25,6.5,6.25,4.2,,6.0,,,19.0,,
5.4,7.25,5.0,6.25,6.75,,,,3.0,6.0,,16.65,18.4,,,13.4
3.8,2.0,,,,4.0,4.75,5.0,2.6,,4.58,,,10.75,,
4.0,7.0,,,,4.0,6.75,6.75,2.8,,5.83,,,17.75,,
5.4,4.0,,,,4.25,4.75,7.5,3.4,,5.5,,,13.0,,
3.4,5.75,,,,6.25,7.0,8.0,3.2,,7.08,,,19.0,,
4.6,6.5,,,,4.25,5.25,8.0,2.2,,5.83,,,16.0,,
3.8,6.25,3.25,3.75,4.25,,,,3.2,3.75,,10.8,11.8,,,10.25
5.4,5.75,5.25,4.0,5.5,,,,4.8,4.92,,14.65,14.9,,,15.45
2.4,3.0,,,,2.75,5.25,4.5,2.2,,4.17,,,11.0,,
7.0,8.25,5.5,6.0,4.75,,,,4.8,5.42,,18.5,17.75,,,17.3
2.8,3.5,,,,2.75,5.25,5.75,2.6,,4.58,,,11.5,,
5.2,5.75,,,,3.5,6.75,7.5,2.8,,5.92,,,16.0,,
6.0,8.25,,,,3.75,6.5,8.5,5.6,,6.25,,,18.5,,
2.6,5.75,,,,3.25,5.5,6.5,2.6,,5.08,,,14.5,,
3.4,7.25,,,,4.0,6.0,8.0,3.6,,6.0,,,17.25,,
3.6,5.25,,,,5.5,7.5,8.25,2.4,,7.08,,,18.25,,
4.4,6.25,,,,4.0,5.25,6.5,2.6,,5.25,,,15.5,,
2.0,6.5,,,,2.25,5.25,6.25,2.8,,4.58,,,14.0,,
4.2,6.0,,,,3.0,5.0,6.0,3.0,,4.67,,,14.0,,
2.8,6.25,,,,4.75,4.75,6.0,2.6,,5.17,,,15.75,,
4.8,6.25,,,,2.0,6.5,9.0,2.4,,5.83,,,14.75,,
4.4,7.25,,,,5.25,6.75,7.25,3.6,,6.42,,,19.25,,
4.4,7.25,,,,3.5,6.5,7.75,4.0,,5.92,,,17.25,,
2.8,4.25,,,,2.25,5.25,6.25,3.6,,4.58,,,11.75,,
5.0,6.0,,,,2.25,6.25,8.0,3.4,,5.5,,,14.5,,
3.6,7.0,,,,3.5,6.25,6.25,3.4,,5.33,,,16.75,14.0,
4.2,5.75,,,,3.0,7.0,7.25,2.8,,5.75,,,15.75,,
4.0,6.5,,,,3.75,6.0,7.75,3.0,,5.83,,,16.25,,
3.4,5.5,,,,3.25,5.25,7.25,2.8,,5.25,,,14.0,,
6.6,8.25,,,,4.25,6.25,9.5,6.6,,6.67,,,18.75,,
4.0,5.25,,,,5.0,7.25,8.0,3.2,,6.75,,,17.5,,
3.0,6.25,,,,2.0,5.5,5.25,3.2,,4.25,,,13.75,,
1.0,5.0,,,,4.25,6.5,6.0,2.8,,5.58,,,15.75,,
4.2,5.0,,,,2.75,6.0,7.0,3.6,,5.25,,,13.75,,
5.6,6.25,,,,5.5,7.75,8.5,4.0,,7.25,,,19.5,,
5.4,6.5,,,,3.5,5.5,8.0,3.8,,5.67,,,15.5,,
3.2,3.25,,,,3.25,5.5,6.5,2.6,,5.08,,,12.0,,
4.8,6.5,,,,2.75,6.75,8.0,2.6,,5.83,,,16.0,,
4.6,8.0,,,,5.5,7.75,8.25,3.6,,7.17,,,21.25,,
4.6,3.5,,,,2.5,5.75,4.75,3.2,,4.33,,,11.75,,
5.4,8.0,,,,6.5,7.0,8.75,3.6,,7.42,,,21.5,17.0,
4.0,4.75,,,,4.0,4.75,7.5,3.0,,5.42,,,13.5,,
6.8,7.5,,,,5.0,8.5,8.5,2.6,,7.33,,,21.0,,
6.4,7.0,4.0,4.75,6.0,,,,1.8,4.92,,15.15,17.15,,,12.2
3.8,5.5,3.5,2.75,2.25,,,,3.4,2.83,,10.05,8.8,,,10.7
2.2,3.25,,,,2.25,5.25,,,,,,,10.75,,
2.6,2.75,,,,4.0,4.5,,,,,,,11.25,,
2.8,3.75,,,,2.25,3.25,,,,,,,9.25,,
5.0,6.5,,,,6.5,8.0,9.5,3.8,,8.0,,,21.0,,
4.2,6.75,,,,1.75,5.0,7.0,3.6,,4.58,,,13.5,,
3.4,5.25,,,,3.0,3.75,6.0,2.2,,4.25,,,12.0,,
3.8,4.0,,,,3.75,6.25,7.0,2.2,,5.67,,,14.0,10.0,
2.2,3.75,,,,3.75,5.0,6.25,2.2,,5.0,,,12.5,,
3.4,7.0,,,,3.5,5.75,6.0,2.2,,5.08,,,16.25,,
3.4,6.5,,,,3.5,4.5,6.75,2.8,,4.92,,,14.5,,
3.0,5.75,,,,1.75,6.0,6.0,2.8,,4.58,,,13.5,,
4.2,4.5,,,,4.0,6.0,7.0,2.4,,5.67,,,14.5,,
4.0,7.0,,,,4.0,5.25,7.25,3.6,,5.5,,,16.25,,
4.4,6.0,,,,4.0,7.0,7.75,3.2,,6.25,,,17.0,,
3.2,5.0,,,,3.0,4.25,5.5,2.6,,4.25,,,12.25,,
2.8,4.75,,,,2.5,3.0,4.5,3.4,,3.33,,,10.25,,
5.8,8.5,,,,6.0,4.75,8.0,3.6,,6.25,,,19.25,,
3.6,5.75,,,,5.5,5.25,7.75,2.4,,6.17,,,16.5,,
4.4,5.5,,,,2.5,4.25,6.25,2.4,,4.33,,,12.25,,
4.4,5.5,,,,4.75,7.75,8.0,1.8,,6.83,,,18.0,,
3.4,5.5,,,,3.0,2.5,7.25,2.2,,4.25,,,11.0,,
2.8,6.0,,,,4.0,5.25,7.0,1.8,,5.42,,,15.25,,
3.8,6.0,,,,5.0,5.5,8.25,4.0,,6.25,,,16.5,,
3.8,5.75,,,,2.5,4.75,7.5,3.4,,4.92,,,13.0,,
5.2,7.0,5.75,6.5,4.25,,,,3.4,5.5,,17.45,15.95,,,14.35
6.6,6.0,5.75,6.25,2.75,,,,3.8,4.92,,18.6,15.6,,,16.15
5.2,7.75,5.0,5.25,6.25,,,,3.8,5.5,,15.45,16.7,,,14.0
6.6,3.5,5.0,3.0,6.25,,,,2.2,4.75,,14.6,15.85,,,13.8
3.8,7.0,3.0,5.0,6.5,,,,3.2,4.83,,11.8,15.3,,14.0,10.0
6.0,5.5,4.25,5.5,6.5,,,,3.4,5.42,,15.75,18.0,,,13.65
4.2,5.25,3.25,3.75,5.25,,,,3.2,4.08,,11.2,13.2,,,10.65
5.6,6.75,4.25,7.25,6.25,,,,4.0,5.92,,17.1,19.1,,,13.85
6.0,3.75,5.25,5.75,4.75,,,,2.8,5.25,,17.0,16.5,,,14.05
7.4,4.75,3.75,6.0,8.5,,,,2.6,6.08,,17.15,21.9,,,13.75
4.4,5.0,4.25,3.0,3.25,,,,2.6,3.5,,11.65,10.65,,12.0,11.25
3.2,4.75,,,,5.0,6.75,8.0,2.6,,6.58,,,16.5,,
4.0,7.25,,,,5.0,7.5,7.5,3.0,,6.67,,,19.75,,
3.8,6.75,,,,3.75,6.25,7.5,2.4,,5.83,,,16.75,,
4.2,8.0,,,,4.0,6.5,7.25,3.6,,5.92,,,18.5,,
2.2,6.0,,,,3.25,6.75,7.25,3.2,,5.75,,,16.0,,
2.6,4.25,,,,2.75,4.25,6.5,2.6,,4.5,,,11.25,,
2.0,3.5,,,,2.25,3.75,5.25,2.2,,3.75,,,9.5,,
4.8,7.25,,,,4.75,6.25,8.0,3.0,,6.33,,,18.25,,
5.2,7.25,,,,4.75,8.75,7.75,3.8,,7.08,,,20.75,,
1.8,3.25,,,,3.75,3.5,4.25,2.6,,3.83,,,10.5,,
5.4,6.5,,,,4.75,8.25,9.0,1.8,,7.33,,,19.5,,
4.4,6.75,,,,3.75,6.75,7.0,2.8,,5.83,,,17.25,,
4.2,7.25,,,,3.0,6.25,7.25,3.2,,5.5,,,16.5,,
2.4,5.75,,,,4.0,4.5,7.0,1.2,,5.17,,,14.25,,
5.2,6.0,,,,3.25,7.0,8.75,2.6,,6.33,,,16.25,,
3.8,6.75,,,,5.75,7.75,9.25,3.0,,7.58,,,20.25,,
3.4,5.25,,,,4.0,4.25,6.75,2.8,,5.0,,,13.5,,
3.0,7.0,,,,3.75,5.25,6.75,1.2,,5.25,,,16.0,,
3.0,6.0,,,,2.75,3.5,4.5,3.2,,3.58,,,12.25,,
5.0,7.0,,,,5.25,7.5,7.75,4.8,,6.83,,,19.75,,
4.4,6.5,,,,5.75,6.75,8.5,3.2,,7.0,,,19.0,,
4.6,6.25,,,,3.0,6.0,7.25,2.6,,5.42,,,15.25,,
2.4,4.0,,,,3.0,5.5,5.5,1.6,,4.67,,,12.5,8.0,
1.6,4.75,,,,3.5,4.0,4.5,2.4,,4.0,,,12.25,,
4.2,8.25,,,,5.75,5.5,8.75,2.6,,6.67,,,19.5,,
3.8,6.25,,,,4.25,7.5,9.25,3.4,,7.0,,,18.0,,
2.0,7.0,,,,2.5,5.75,6.25,3.0,,4.83,,,15.25,12.0,
4.0,5.0,,,,2.75,4.75,7.25,2.6,,4.92,,,12.5,,
4.0,5.25,,,,2.0,4.0,6.25,2.6,,4.08,,,11.25,,
4.6,3.75,,,,2.75,4.5,6.0,3.8,,4.42,,,11.0,,
2.8,5.0,,,,4.75,7.0,6.5,3.0,,6.08,,,16.75,,
1.8,5.25,,,,3.75,5.75,5.75,1.2,,5.08,,,14.75,,
5.0,4.5,,,,4.25,6.5,8.5,3.8,,6.42,,,15.25,,
5.8,6.5,,,,4.25,6.75,8.25,3.6,,6.42,,,17.5,,
2.0,6.0,,,,4.25,5.0,6.75,2.6,,5.33,,,15.25,,
4.4,6.0,,,,4.25,5.75,9.0,2.2,,6.33,,,16.0,,
3.0,3.75,,,,2.75,7.25,6.75,2.0,,5.58,,,13.75,,
4.0,6.25,,,,4.0,7.25,7.0,2.8,,6.08,,,17.5,,
1.6,1.75,,,,3.25,5.25,6.5,3.4,,5.0,,,10.25,,
2.2,7.0,,,,3.5,4.5,7.75,3.4,,5.25,,,15.0,,
6.8,8.5,,,,7.0,6.5,7.5,2.4,,7.0,,,22.0,,
2.4,4.0,,,,3.75,6.5,6.75,2.8,,5.67,,,14.25,,
4.4,5.75,,,,1.75,5.0,6.25,2.4,,4.33,,,12.5,,
3.2,7.75,,,,5.5,6.0,8.25,2.0,,6.58,,,19.25,,
5.2,7.25,,,,5.25,6.5,7.75,4.2,,6.5,,,19.0,,
6.4,8.5,5.75,6.25,5.5,,,,3.8,5.83,,18.4,18.15,,,15.95
6.2,6.75,6.75,4.25,5.0,,,,4.6,5.33,,17.2,15.45,,,17.55
1.8,1.75,,,,3.25,3.0,,,,,,,8.0,,
4.8,8.25,,,,,,,3.8,,,,,,,
6.2,8.75,,,,7.75,,,,,,,,,,
1.6,5.25,,,,3.25,4.25,5.25,3.0,,4.25,,,12.75,,
1.8,4.25,,,,3.75,4.25,6.75,1.4,,4.92,,,12.25,,
6.0,7.0,,,,3.25,5.5,5.5,3.8,,4.75,,,15.75,,
2.4,4.5,,,,3.0,4.75,5.5,3.2,,4.42,,,12.25,,
6.4,7.0,5.5,7.25,6.5,,,,4.6,6.42,,19.15,20.15,,18.0,16.5
4.2,6.0,,,,6.0,6.75,8.25,2.6,,7.0,,,18.75,,
3.0,6.5,,,,1.75,3.75,6.5,2.0,,4.0,,,12.0,,
4.8,7.25,,,,6.25,8.25,8.5,2.8,,7.67,,,21.75,,
4.6,7.0,,,,3.5,6.25,6.25,2.6,,5.33,,,16.75,,
3.6,3.5,,,,2.75,3.25,6.5,2.8,,4.17,,,9.5,,
5.2,5.25,5.75,4.25,3.75,,,,4.0,4.58,,15.2,13.2,,,14.95
3.2,5.25,,,,4.25,5.75,8.5,2.4,,6.17,,,15.25,,
5.4,8.0,,,,5.0,8.5,8.75,2.6,,7.42,,,21.5,16.0,
5.2,6.0,,,,4.75,6.0,7.0,2.2,,5.92,,,16.75,,
4.4,6.0,,,,3.25,5.25,7.0,2.8,,5.17,,,14.5,,
3.6,6.0,,,,1.75,4.0,7.25,3.2,,4.33,,,11.75,,
6.4,7.75,4.75,4.0,6.0,,,,4.0,4.92,,15.15,16.4,,,15.15
5.4,3.5,4.25,5.25,4.75,,,,3.6,4.75,,14.9,15.4,,,13.25
5.8,5.75,4.75,3.0,6.0,,,,3.2,4.58,,13.55,14.8,,,13.75
3.4,3.75,,,,3.5,4.75,7.25,2.4,,5.17,,,12.0,,
5.8,6.5,,,,3.25,8.0,9.25,2.6,,6.83,,,17.75,,
2.6,4.5,,,,3.5,4.0,4.25,3.2,,3.92,,,12.0,,
5.8,7.0,5.25,6.0,4.75,,,,3.4,5.33,,17.05,16.55,,,14.45
5.6,7.5,,,,3.75,7.0,8.0,3.6,,6.25,,,18.25,,
6.4,7.75,4.25,5.25,5.75,,,,3.2,5.08,,15.9,17.4,,,13.85
2.6,5.0,,,,3.75,5.25,7.25,3.4,,5.42,,,14.0,11.0,
4.6,6.75,,,,4.5,6.0,8.0,3.4,,6.17,,,17.25,,
5.4,8.0,5.0,5.75,6.75,,,,5.4,5.83,,16.15,17.9,,,15.8
4.2,6.75,,,,4.5,5.5,7.0,2.4,,5.67,,,16.75,,
5.0,9.25,,,,2.75,5.25,8.75,4.6,,5.58,,,17.25,,
2.2,5.5,,,,3.5,5.25,6.75,2.6,,5.17,,,14.25,,
3.4,3.25,,,,4.0,4.75,4.75,3.2,,4.5,,,12.0,,
3.4,7.0,,,,5.0,6.75,7.5,3.2,,6.42,,,18.75,,
5.0,7.25,,,,5.5,6.75,8.75,3.0,,7.0,,,19.5,,
2.8,4.5,,,,3.5,3.5,5.25,1.8,,4.08,,,11.5,,
3.0,6.25,,,,3.0,5.25,8.0,3.4,,5.42,,,14.5,,
3.4,5.5,,,,1.75,5.25,7.5,3.0,,4.83,,,12.5,,
3.0,7.25,,,,3.5,6.0,7.0,2.6,,5.5,,,16.75,,
3.2,5.25,,,,2.25,4.75,5.75,3.6,,4.25,,,12.25,,
3.8,5.0,,,,3.0,7.0,7.25,3.2,,5.75,,,15.0,12.0,
2.6,5.25,,,,3.0,4.25,7.25,3.2,,4.83,,,12.5,,
4.4,5.75,,,,3.0,6.5,5.75,3.0,,5.08,,,15.25,,
4.8,7.75,,,,4.75,7.25,7.5,3.0,,6.5,,,19.75,,
3.6,2.5,,,,2.0,3.25,6.75,2.8,,4.0,,,7.75,,
4.0,5.75,,,,3.75,5.75,5.5,3.8,,5.0,,,15.25,,
3.8,5.0,,,,3.0,5.5,7.25,4.4,,5.25,,,13.5,,
2.2,4.0,,,,1.75,5.5,6.0,2.4,,4.42,,,11.25,,
4.0,5.25,,,,3.0,5.0,7.5,2.6,,5.17,,,13.25,,
3.8,7.5,,,,5.5,6.25,9.25,3.6,,7.0,,,19.25,,
3.2,3.0,,,,2.5,5.0,7.0,2.4,,4.83,,,10.5,,
6.2,8.25,,,,4.0,6.5,8.5,4.4,,6.33,,,18.75,,
4.0,6.5,,,,4.0,5.5,7.25,4.4,,5.58,,,16.0,,
3.4,3.25,,,,2.5,4.0,5.5,3.6,,4.0,,,9.75,,
2.4,3.5,,,,5.0,7.0,8.75,3.6,,6.92,,,15.5,,
4.0,7.75,,,,3.0,6.75,8.0,3.2,,5.92,,,17.5,,
3.0,5.75,,,,4.0,6.5,7.5,3.6,,6.0,,,16.25,,
3.6,4.25,,,,2.5,4.75,5.5,3.2,,4.25,,,11.5,,
3.4,4.5,,,,2.5,3.0,4.75,2.8,,3.42,,,10.0,,
3.2,5.0,,,,3.25,4.0,6.5,2.8,,4.58,,,12.25,11.0,
4.6,6.5,,,,4.75,5.25,9.0,2.8,,6.33,,,16.5,,
3.6,4.25,,,,4.0,7.5,6.0,3.8,,5.83,,,15.75,,
5.6,4.25,,,,5.25,5.75,7.75,2.8,,6.25,,,15.25,,
3.6,4.5,,,,3.0,4.5,5.0,2.6,,4.17,,,12.0,,
4.4,5.5,,,,4.5,6.75,8.75,1.8,,6.67,,,16.75,,
2.8,4.5,,,,2.0,4.0,4.75,2.4,,3.58,,,10.5,,
4.0,6.25,,,,2.75,6.25,6.25,2.2,,5.08,,,15.25,,
2.4,3.5,,,,3.5,5.25,5.75,2.4,,4.83,,,12.25,,
3.2,3.75,,,,3.25,5.0,7.0,2.2,,5.08,,,12.0,,
2.8,5.25,,,,2.0,5.0,5.75,2.4,,4.25,,,12.25,,
3.4,5.25,,,,2.25,6.25,5.5,2.0,,4.67,,,13.75,,
,7.5,,,,8.5,7.75,,,,,,,23.75,,
4.6,7.75,,,,3.5,6.0,8.0,3.2,,5.83,,,17.25,,
2.6,3.5,,,,1.75,2.75,3.0,3.6,,2.5,,,8.0,,
5.0,2.25,,,,3.75,5.75,6.5,4.6,,5.33,,,11.75,,
2.0,2.0,,,,2.25,2.5,6.0,2.6,,3.58,,,6.75,,
2.2,4.75,,,,3.25,4.25,6.5,3.4,,4.67,,,12.25,,
2.2,2.75,,,,3.25,3.75,5.5,2.4,,4.17,,,9.75,,
2.4,3.25,,,,2.25,4.75,5.0,2.6,,4.0,,,10.25,,
3.2,5.5,,,,4.5,3.75,7.25,2.0,,5.17,,,13.75,,
3.0,3.0,,,,2.75,3.0,4.5,3.0,,3.42,,,8.75,9.0,
2.8,6.75,,,,4.25,4.0,6.75,1.8,,5.0,,,15.0,,
3.8,3.75,,,,3.0,3.5,6.25,2.0,,4.25,,,10.25,,
3.8,6.25,,,,4.5,6.5,7.0,2.6,,6.0,,,17.25,,
4.0,6.0,,,,4.75,5.5,5.5,3.2,,5.25,,,16.25,,
3.2,6.25,,,,3.0,5.75,7.5,3.0,,5.42,,,15.0,,
4.2,7.5,,,,4.5,7.0,7.25,3.0,,6.25,,,19.0,,
2.6,3.75,,,,3.0,4.5,5.5,2.8,,4.33,,,11.25,,
3.2,6.0,,,,2.25,6.25,6.75,2.4,,5.08,,,14.5,,
4.2,5.5,,,,3.5,5.0,7.0,3.4,,5.17,,,14.0,,
1.8,3.0,,,,5.25,6.25,7.0,1.8,,6.17,,,14.5,,
4.4,5.25,,,,3.25,4.0,5.75,4.0,,4.33,,,12.5,,
2.4,6.5,,,,3.75,6.25,6.5,2.6,,5.5,,,16.5,,
3.4,4.25,,,,3.0,5.25,5.75,3.0,,4.67,,,12.5,,
2.6,3.25,,,,3.25,4.25,6.5,2.8,,4.67,,,10.75,,
3.2,7.0,,,,4.0,4.75,7.75,2.0,,5.5,,,15.75,,
3.8,7.0,,,,4.5,5.0,8.5,3.4,,6.0,,,16.5,,
5.6,7.0,,,,5.75,6.25,7.75,3.0,,6.58,,,19.0,,
3.0,4.5,,,,3.25,3.75,6.75,2.8,,4.58,,,11.5,,
3.4,5.0,,,,3.25,4.75,6.75,2.0,,4.92,,,13.0,,
3.8,4.25,,,,2.25,5.25,5.25,3.2,,4.25,,,11.75,,
3.2,4.25,,,,2.75,5.25,6.5,2.8,,4.83,,,12.25,,
3.8,3.0,,,,4.5,5.25,7.0,3.4,,5.58,,,12.75,,
4.2,4.5,,,,4.5,6.5,6.75,3.0,,5.92,,,15.5,,
2.8,7.0,,,,3.75,6.0,7.0,3.2,,5.58,,,16.75,13.0,
1.8,3.75,,,,3.25,5.75,6.25,3.4,,5.08,,,12.75,,
6.2,7.5,,,,4.75,5.5,8.5,4.6,,6.25,,,17.75,,
3.0,5.25,,,,3.25,4.25,8.0,3.0,,5.17,,,12.75,,
2.8,3.0,,,,1.75,3.0,5.75,3.0,,3.5,,,7.75,,
5.6,5.75,,,,6.0,6.5,7.75,2.8,,6.75,,,18.25,,
4.6,3.75,,,,4.25,6.25,8.0,3.4,,6.17,,,14.25,,
2.2,4.75,,,,3.5,4.75,7.5,2.0,,5.25,,,13.0,,
4.0,6.75,,,,3.75,6.25,7.25,3.6,,5.75,,,16.75,,
2.8,4.5,,,,2.0,3.75,4.75,2.2,,3.5,,,10.25,,
4.2,6.5,,,,4.25,7.25,8.5,4.0,,6.67,,,18.0,,
4.0,4.25,,,,3.75,4.25,,,,,,,12.25,,
2.6,3.0,,,,1.75,3.5,,,,,,,8.25,,
2.8,2.0,,,,2.75,3.25,,,,,,,8.0,,
4.8,6.75,,,,4.0,4.75,,,,,,,15.5,,
3.2,5.25,,,,3.75,4.5,,,,,,,13.5,,
2.2,3.25,,,,1.75,3.75,,,,,,,8.75,,
2.6,2.25,,,,3.0,5.0,,,,,,,10.25,,
3.2,2.25,,,,1.75,4.25,,,,,,,8.25,,
3.4,7.25,,,,2.25,5.0,,,,,,,14.5,,
3.4,4.5,,,,4.5,5.25,,,,,,,14.25,,
3.4,3.25,,,,3.5,3.5,,,,,,,10.25,,
3.4,5.5,,,,2.25,5.25,6.75,2.0,,4.75,,,13.0,,
3.0,5.0,,,,3.75,6.75,8.0,1.8,,6.17,,,15.5,,
4.4,6.25,3.0,2.5,4.0,,,,2.8,3.17,,9.9,10.9,,,10.2
5.0,7.75,3.75,4.0,3.5,,,,4.0,3.75,,12.75,12.5,,,12.75
3.8,7.25,,,,4.0,4.25,6.25,2.6,,4.83,,,15.5,,
5.8,7.25,,,,4.5,6.5,7.5,3.6,,6.17,,,18.25,,
4.2,8.0,,,,4.5,7.25,7.5,3.6,,6.42,,,19.75,,
4.0,8.25,,,,5.0,7.5,9.0,2.6,,7.17,,,20.75,,
2.4,6.0,,,,2.5,5.5,6.75,2.8,,4.92,,,14.0,,
2.2,5.25,,,,2.75,4.25,6.0,2.8,,4.33,,,12.25,,
2.4,6.25,3.5,3.0,2.0,5.5,6.0,7.0,2.6,2.83,6.17,8.9,7.4,17.75,,8.5
2.6,5.0,,,,5.5,5.25,6.0,1.4,,5.58,,,15.75,9.0,
3.2,5.0,,,,3.75,5.25,6.5,2.8,,5.17,,,14.0,11.0,
2.8,5.25,,,,2.25,4.0,5.25,2.8,,3.83,,,11.5,,
2.8,3.25,,,,3.5,3.75,5.0,2.2,,4.08,,,10.5,,
2.8,5.0,,,,2.75,4.0,5.75,2.8,,4.17,,,11.75,,
5.8,7.75,,,,6.5,4.25,7.5,3.0,,6.08,,,18.5,,
4.8,7.5,,,,3.5,5.0,7.75,2.4,,5.42,,,16.0,,
5.0,7.5,,,,6.5,6.0,8.5,4.0,,7.0,,,20.0,,
5.4,7.25,,,,5.0,6.25,7.75,1.8,,6.33,,,18.5,,
3.0,5.0,,,,4.25,6.0,7.25,2.8,,5.83,,,15.25,,
3.0,1.5,,,,2.25,3.25,4.25,2.8,,3.25,,,7.0,,
4.4,8.75,,,,7.5,8.5,9.25,4.0,,8.42,,,24.75,,
5.6,6.0,,,,3.0,5.0,8.0,3.8,,5.33,,,14.0,,
3.4,6.0,,,,3.25,4.0,5.5,3.2,,4.25,,,13.25,,
2.2,2.0,,,,3.75,3.5,3.25,2.2,,3.5,,,9.25,,
4.8,6.0,,,,4.25,6.25,7.75,3.0,,6.08,,,16.5,,
3.8,6.0,,,,5.5,6.75,7.75,2.4,,6.67,,,18.25,,
3.6,6.0,,,,2.5,3.0,4.25,2.2,,3.25,,,11.5,,
3.2,2.75,,,,2.0,5.25,5.0,2.2,,4.08,,,10.0,,
3.6,2.75,,,,3.5,5.0,6.0,2.0,,4.83,,,11.25,,
4.6,8.5,5.0,3.75,4.75,,,,2.4,4.5,,13.35,13.1,,,12.0
4.2,3.25,,,,3.25,4.75,5.25,4.0,,4.42,,,11.25,,
5.4,8.5,,,,7.75,8.75,9.5,6.4,,8.67,,,25.0,,
2.8,7.0,,,,3.5,5.25,5.0,4.2,,4.58,,,15.75,14.0,
3.8,6.0,,,,3.25,6.0,8.75,2.2,,6.0,,,15.25,12.0,
4.4,6.0,,,,2.5,7.5,7.5,3.2,,5.83,,,16.0,,
4.0,6.0,,,,2.75,6.5,5.25,3.8,,4.83,,,15.25,,
2.8,4.5,,,,2.0,5.0,6.0,2.2,,4.33,,,11.5,,
3.0,2.75,,,,3.25,3.5,5.25,3.6,,4.0,,,9.5,,
7.2,7.0,8.25,5.5,6.0,,,,4.8,6.58,,20.95,18.7,,19.0,20.25
2.8,3.5,,,,3.5,3.0,5.25,3.0,,3.92,,,10.0,,
2.4,5.25,,,,4.5,4.5,6.25,1.8,,5.08,,,14.25,,
4.6,6.5,,,,3.25,7.25,8.5,2.2,,6.33,,,17.0,,
4.0,6.75,,,,3.25,4.5,7.5,3.8,,5.08,,,14.5,,
4.8,4.25,,,,3.0,6.0,5.75,3.0,,4.92,,,13.25,,
2.8,4.0,,,,2.25,3.25,5.75,2.2,,3.75,,,9.5,9.0,
3.2,4.5,,,,2.25,5.25,6.0,1.6,,4.5,,,12.0,,
2.8,5.75,,,,2.75,5.25,6.0,2.2,,4.67,,,13.75,,
4.0,6.0,,,,3.5,6.0,7.75,3.2,,5.75,,,15.5,,
3.4,7.5,,,,4.25,6.25,6.5,2.8,,5.67,,,18.0,,
5.0,5.25,1.75,5.0,4.5,,,,4.4,3.75,,11.75,14.5,,,11.15
4.4,4.25,5.25,3.75,5.0,,,,4.6,4.67,,13.4,13.15,,,14.25
4.8,5.5,4.5,4.25,5.25,,,,3.6,4.67,,13.55,14.3,,,12.9
4.6,5.75,3.75,3.25,4.5,,,,2.6,3.83,,11.6,12.35,,,10.95
3.4,3.5,3.5,1.5,2.5,,,,4.0,2.5,,8.4,7.4,,,10.9
6.0,5.25,5.25,5.0,6.75,,,,3.8,5.67,,16.25,17.75,,,15.05
6.0,6.5,,,,4.5,,,,,,,,,,
2.8,2.0,,,,2.25,5.5,,,,,,,9.75,,
3.4,3.0,,,,3.0,3.0,,,,,,,9.0,,
3.6,3.5,,,,3.75,5.0,,,,,,,12.25,,
4.2,3.25,,,,3.5,4.75,,,,,,,11.5,,
5.2,,6.5,5.75,,,,,,,,17.45,,,,
6.6,,7.25,5.0,,,,,,,,18.85,,,,
2.4,3.5,,,,2.25,4.25,,,,,,,10.0,,
2.8,4.75,,,,3.25,2.75,,,,,,,10.75,,
3.4,2.5,,,,2.25,3.5,,,,,,,8.25,,
5.0,7.0,,,,3.5,4.75,6.0,3.0,,4.75,,,15.25,15.0,
2.2,4.0,,,,3.25,3.75,4.75,2.4,,3.92,,,11.0,,
4.0,7.25,,,,4.0,6.0,8.0,2.2,,6.0,,,17.25,,
3.6,5.5,,,,5.0,5.75,8.0,2.6,,6.25,,,16.25,,
4.6,6.75,,,,5.5,6.5,7.5,3.4,,6.5,,,18.75,,
3.6,5.25,,,,3.25,5.75,7.25,3.8,,5.42,,,14.25,,
5.0,7.75,,,,4.5,5.25,7.0,3.2,,5.58,,,17.5,,
3.6,5.75,,,,3.5,6.25,8.0,2.0,,5.92,,,15.5,,
4.8,8.0,,,,3.5,5.75,6.25,3.8,,5.17,,,17.25,,
3.4,8.25,,,,2.75,6.5,7.5,3.4,,5.58,,,17.5,,
4.4,5.75,,,,3.75,4.5,6.75,3.6,,5.0,,,14.0,,
2.4,6.5,,,,3.0,5.75,8.75,1.4,,5.83,,,15.25,,
5.0,5.75,,,,5.75,7.5,9.5,2.2,,7.58,,,19.0,,
4.6,4.5,,,,4.0,7.0,7.5,2.2,,6.17,,,15.5,,
2.4,5.75,,,,2.5,6.5,5.75,2.0,,4.92,,,14.75,,
3.2,6.0,,,,3.25,6.0,6.75,2.6,,5.33,,,15.25,,
4.2,4.5,,,,3.0,5.75,8.0,2.6,,5.58,,,13.25,,
4.8,4.0,,,,3.25,6.5,7.75,3.2,,5.83,,,13.75,12.0,
5.2,8.0,,,,4.75,7.5,8.25,3.8,,6.83,,,20.25,17.0,
3.8,5.75,,,,3.75,5.5,7.0,2.6,,5.42,,,15.0,,
4.0,6.5,,,,3.5,6.5,8.5,2.6,,6.17,,,16.5,,
6.4,8.0,6.0,4.75,3.5,,,,3.4,4.75,,17.15,14.65,,,15.8
3.2,5.5,,,,4.0,4.25,7.75,3.2,,5.33,,,13.75,,
3.2,5.25,,,,5.25,7.5,6.75,1.8,,6.5,,,18.0,,
4.0,6.0,,,,4.25,7.5,7.75,2.6,,6.5,,,17.75,,
4.2,4.5,,,,4.25,5.5,7.25,3.2,,5.67,,,14.25,,
5.0,6.75,,,,4.5,6.25,7.75,4.2,,6.17,,,17.5,,
2.6,4.75,,,,2.25,6.25,7.25,2.6,,5.25,,,13.25,,
3.2,2.75,,,,2.75,3.5,6.75,2.6,,4.33,,,9.0,,
3.2,5.25,,,,3.0,5.25,6.75,2.6,,5.0,,,13.5,,
3.0,4.0,,,,3.75,3.75,5.5,2.4,,4.33,,,11.5,,
4.2,4.75,,,,3.25,4.25,6.5,2.8,,4.67,,,12.25,,
3.6,4.25,,,,3.75,4.0,4.75,2.4,,4.17,,,12.0,,
2.8,5.25,,,,3.5,4.75,6.5,1.6,,4.92,,,13.5,,
4.2,6.25,,,,4.25,6.25,7.75,2.2,,6.08,,,16.75,,
4.6,5.75,,,,3.5,6.25,7.5,3.0,,5.75,,,15.5,,
4.0,5.5,,,,5.0,4.25,7.75,4.0,,5.67,,,14.75,,
3.4,6.75,,,,3.5,7.0,8.0,2.6,,6.17,,,17.25,,
3.8,6.75,,,,4.0,6.25,6.0,3.0,,5.42,,,17.0,,
4.0,5.5,,,,4.5,6.25,6.0,1.6,,5.58,,,16.25,,
3.0,7.0,,,,3.0,4.75,7.75,3.2,,5.17,,,14.75,,
5.8,8.25,,,,3.75,5.5,8.25,3.6,,5.83,,,17.5,,
3.4,7.0,,,,3.0,4.25,5.5,2.4,,4.25,,,14.25,,
4.2,6.0,,,,4.75,4.75,8.25,3.4,,5.92,,,15.5,,
4.6,5.25,,,,4.0,6.25,7.25,3.0,,5.83,,,15.5,,
3.6,5.75,,,,3.5,6.5,9.25,3.0,,6.42,,,15.75,,
3.0,5.75,,,,5.0,7.25,7.25,4.4,,6.5,,,18.0,,
3.2,6.0,,,,3.0,4.25,4.75,3.2,,4.0,,,13.25,,
2.8,2.75,,,,2.5,4.25,5.0,2.0,,3.92,,,9.5,,
3.8,4.75,,,,4.5,6.0,5.75,3.2,,5.42,,,15.25,,
5.4,5.5,,,,4.5,6.5,7.25,3.0,,6.08,,,16.5,,
3.0,3.0,,,,3.5,5.25,7.0,1.8,,5.25,,,11.75,,
4.0,6.25,,,,2.0,6.25,7.25,3.6,,5.17,,,14.5,,
3.4,4.25,,,,2.5,5.0,6.75,2.6,,4.75,,,11.75,,
2.0,3.25,,,,3.25,4.5,4.0,1.6,,3.92,,,11.0,,
4.0,6.25,,,,3.75,7.75,7.25,3.8,,6.25,,,17.75,,
3.4,5.5,,,,3.75,5.5,6.75,2.0,,5.33,,,14.75,,
5.0,5.25,,,,3.75,7.25,7.75,2.2,,6.25,,,16.25,,
3.8,5.25,,,,3.0,4.0,7.0,2.0,,4.67,,,12.25,,
2.8,4.75,,,,2.75,6.25,5.5,3.8,,4.83,,,13.75,,
3.6,5.75,,,,4.25,6.0,6.75,3.8,,5.67,,,16.0,,
2.4,3.5,,,,2.25,4.25,4.25,2.0,,3.58,,,10.0,,
2.6,3.5,,,,3.25,4.25,5.75,3.2,,4.42,,,11.0,,
1.4,4.5,,,,3.25,6.75,6.75,2.4,,5.58,,,14.5,,
2.6,3.5,,,,3.0,3.5,4.0,2.4,,3.5,,,10.0,,
3.8,6.25,,,,2.25,4.25,6.5,3.2,,4.33,,,12.75,,
2.8,3.5,,,,3.0,6.25,7.0,3.2,,5.42,,,12.75,,
2.8,7.5,,,,4.0,6.25,8.0,2.0,,6.08,,,17.75,,
3.0,5.0,,,,2.75,7.0,5.5,2.4,,5.08,,,14.75,,
1.6,2.25,,,,4.0,5.0,5.75,2.2,,4.92,,,11.25,,
2.8,6.0,,,,2.25,4.5,6.75,1.8,,4.5,,,12.75,,
5.2,5.0,,,,3.75,6.5,8.75,3.0,,6.33,,,15.25,,
4.4,3.75,,,,4.75,5.25,6.75,3.2,,5.58,,,13.75,,
3.0,5.75,,,,4.25,6.25,6.75,2.6,,5.75,,,16.25,,
1.4,4.5,,,,2.5,4.5,6.25,1.4,,4.42,,,11.5,,
2.2,2.75,,,,4.5,5.0,6.25,3.0,,5.25,,,12.25,,
3.6,6.25,,,,2.5,7.0,6.75,2.6,,5.42,,,15.75,,
5.6,9.0,,,,6.75,9.5,8.25,4.0,,8.17,,,25.25,,
3.4,5.25,,,,2.75,6.75,7.25,2.4,,5.58,,,14.75,,
3.2,5.5,,,,2.75,5.5,7.5,2.6,,5.25,,,13.75,,
2.6,2.25,,,,3.0,4.75,5.5,2.8,,4.42,,,10.0,,
3.4,6.5,,,,2.25,6.0,7.25,2.8,,5.17,,,14.75,,
3.2,3.0,,,,3.25,4.5,6.75,2.8,,4.83,,,10.75,9.0,
4.8,8.0,,,,6.75,7.0,7.5,2.8,,7.08,,,21.75,,
3.0,6.0,,,,3.5,5.5,6.0,3.8,,5.0,,,15.0,,
5.8,7.0,4.0,3.5,5.0,,,,2.6,4.17,,13.3,14.3,,,12.4
5.2,7.0,,,,5.75,8.5,8.75,3.2,,7.67,,,21.25,,
3.4,5.5,,,,2.5,6.0,6.5,2.0,,5.0,,,14.0,,
3.0,5.0,,,,3.0,3.75,5.0,1.8,,3.92,,,11.75,,
6.2,7.5,5.25,7.0,5.75,,,,4.2,6.0,,18.45,18.95,,,15.65
6.2,6.0,3.75,3.25,5.0,,,,2.8,4.0,,13.2,14.45,,15.0,12.75
4.4,8.0,3.5,5.75,6.5,6.75,7.25,8.5,2.6,5.25,7.5,13.65,16.65,22.0,15.0,10.5
3.4,5.5,,,,4.5,5.5,8.0,2.0,,6.0,,,15.5,,
2.6,5.5,,,,4.0,6.5,6.75,2.4,,5.75,,,16.0,,
3.0,5.25,,,,4.5,5.75,6.75,2.2,,5.67,,,15.5,,
4.6,4.25,,,,4.0,5.25,6.0,2.8,,5.08,,,13.5,,
5.0,8.0,,,,5.25,8.25,9.0,3.2,,7.5,,,21.5,,
2.4,4.0,,,,2.5,3.0,2.75,2.4,,2.75,,,9.5,,
4.6,7.25,,,,3.25,6.75,7.5,2.4,,5.83,,,17.25,,
1.8,4.0,,,,3.5,5.25,4.75,2.8,,4.5,,,12.75,,
3.0,3.0,,,,3.75,4.5,5.75,3.2,,4.67,,,11.25,,
2.2,4.25,,,,5.75,6.25,7.25,3.0,,6.42,,,16.25,,
3.2,7.25,,,,5.0,6.75,8.5,3.0,,6.75,,,19.0,,
6.6,8.0,4.25,4.5,4.0,,,,3.2,4.25,,15.35,15.1,,,14.05
3.8,7.25,,,,4.0,7.0,7.0,4.0,,6.0,,,18.25,,
2.6,3.5,,,,4.25,4.0,5.5,2.8,,4.58,,,11.75,,
3.8,7.0,,,,4.0,7.5,8.0,2.8,,6.5,,,18.5,,
4.8,6.0,,,,4.0,6.75,8.25,2.8,,6.33,,,16.75,,
3.2,4.25,,,,3.25,5.25,5.75,1.6,,4.75,,,12.75,,
6.6,5.5,,,,3.75,8.0,9.0,2.6,,6.92,,,17.25,,
2.8,6.25,,,,3.25,6.0,7.0,2.8,,5.42,,,15.5,,
4.6,5.25,,,,4.25,5.5,8.0,3.4,,5.92,,,15.0,,
3.4,6.5,,,,2.25,5.0,6.25,4.0,,4.5,,,13.75,,
3.4,4.75,,,,5.25,9.0,9.0,2.2,,7.75,,,19.0,,
4.6,6.0,,,,3.25,4.75,7.5,2.4,,5.17,,,14.0,13.0,
4.8,6.0,,,,2.75,8.0,7.5,3.0,,6.08,,,16.75,,
4.2,8.25,,,,2.5,4.0,7.0,2.0,,4.5,,,14.75,,
4.6,8.0,,,,4.0,6.0,7.5,4.4,,5.83,,,18.0,17.0,
8.0,5.75,4.75,7.25,6.75,,,,4.6,6.25,,20.0,22.0,,,17.35
4.6,7.5,3.5,4.5,4.0,,,,6.6,4.0,,12.6,13.1,,,14.7
7.2,8.25,6.25,5.0,5.0,,,,8.2,5.42,,18.45,17.2,,,21.65
6.0,7.25,,,,7.5,8.0,6.75,2.8,,7.42,,,22.75,,
6.4,8.5,,,,4.75,7.0,9.25,8.8,,7.0,,,20.25,,
2.0,2.75,,,,2.75,6.25,7.25,3.4,,5.42,,,11.75,,
2.0,1.75,,,,3.0,5.5,5.25,2.8,,4.58,,,10.25,,
4.6,5.5,,,,2.5,6.0,7.5,3.6,,5.33,,,14.0,,
4.2,7.0,,,,6.25,8.25,8.25,4.8,,7.58,,,21.5,16.0,
3.6,6.75,,,,3.25,5.25,5.5,3.6,,4.67,,,15.25,,
2.2,3.0,,,,3.25,4.25,5.0,1.6,,4.17,,,10.5,,
1.8,3.25,,,,2.0,4.0,6.5,2.8,,4.17,,,9.25,,
5.2,7.25,,,,2.75,4.5,7.0,4.6,,4.75,,,14.5,,
3.0,4.5,,,,3.0,4.5,6.75,3.2,,4.75,,,12.0,,
3.4,3.5,,,,4.75,6.0,7.75,1.2,,6.17,,,14.25,,
3.0,2.0,,,,2.5,5.25,6.75,1.8,,4.83,,,9.75,,
5.0,7.0,,,,3.25,5.0,7.0,3.0,,5.08,,,15.25,15.0,
3.0,8.0,,,,3.25,6.25,8.75,2.2,,6.08,,,17.5,,
2.6,7.0,,,,3.5,4.5,7.0,1.8,,5.0,,,15.0,,
4.0,2.5,,,,2.75,3.75,7.25,2.8,,4.58,,,9.0,,
3.8,6.75,,,,4.0,5.75,6.75,3.2,,5.5,,,16.5,,
3.6,5.25,,,,3.0,5.5,6.0,2.0,,4.83,,,13.75,,
4.4,3.75,,,,4.0,5.75,7.25,2.4,,5.67,,,13.5,,
2.6,5.75,,,,2.25,3.25,4.75,1.6,,3.42,,,11.25,,
3.6,4.5,,,,1.75,3.0,6.0,3.6,,3.58,,,9.25,,
4.2,2.75,,,,3.5,4.25,5.0,1.6,,4.25,,,10.5,,
2.8,4.75,,,,2.75,4.5,6.0,2.2,,4.42,,,12.0,,
5.8,6.5,5.75,5.75,4.5,,,,4.4,5.33,,17.3,16.05,,,15.95
5.2,5.5,4.25,4.0,5.25,,,,3.4,4.5,,13.45,14.45,,,12.85
3.6,6.0,3.5,3.5,5.25,,,,3.6,4.08,,10.6,12.35,,,10.7
5.0,6.5,4.25,4.0,6.0,,,,4.0,4.75,,13.25,15.0,,,13.25
5.0,5.25,4.5,5.0,4.0,,,,1.6,4.5,,14.5,14.0,,,11.1
6.0,7.25,4.5,3.5,4.5,,,,7.6,4.17,,14.0,14.0,,,18.1
4.0,3.75,2.25,4.25,4.25,,,,2.2,3.58,,10.5,12.5,,,8.45
5.4,4.0,2.75,5.0,4.5,,,,2.8,4.08,,13.15,14.9,,,10.95
5.8,5.25,4.5,6.25,6.25,,,,3.8,5.67,,16.55,18.3,,,14.1
5.0,4.75,4.0,4.75,5.25,,,,2.6,4.67,,13.75,15.0,,,11.6
5.6,6.0,5.25,3.5,4.75,,,,3.2,4.5,,14.35,13.85,,,14.05
5.4,6.0,6.25,5.25,5.0,,,,3.8,5.5,,16.9,15.65,,,15.45
3.4,5.5,,,,4.75,4.75,8.0,4.0,,5.83,,,15.0,,
3.0,6.5,,,,2.0,4.25,6.75,2.6,,4.33,,,12.75,,
2.0,3.0,,,,3.75,4.0,6.25,2.2,,4.67,,,10.75,,
2.6,5.0,,,,1.75,5.5,6.25,2.2,,4.5,,,12.25,,
3.8,2.5,,,,4.75,5.25,7.75,2.0,,5.92,,,12.5,,
3.8,3.5,,,,3.5,5.75,7.5,3.2,,5.58,,,12.75,,
3.4,6.5,,,,3.25,6.25,8.5,3.4,,6.0,,,16.0,,
2.6,5.0,,,,3.0,4.75,6.0,2.8,,4.58,,,12.75,,
1.8,2.25,,,,2.75,3.0,4.25,3.6,,3.33,,,8.0,,
2.4,3.5,,,,3.0,4.25,5.75,2.6,,4.33,,,10.75,,
2.8,6.5,,,,2.75,5.0,4.75,2.6,,4.17,,,14.25,,
3.2,6.75,,,,3.75,5.5,7.0,3.0,,5.42,,,16.0,,
3.4,5.0,,,,3.5,4.5,6.25,1.8,,4.75,,,13.0,,
3.0,5.5,,,,3.25,3.75,7.75,3.0,,4.92,,,12.5,,
2.4,3.75,,,,4.5,3.25,4.5,3.0,,4.08,,,11.5,,
4.0,5.5,,,,3.25,5.75,7.25,3.2,,5.42,,,14.5,,
2.8,5.25,,,,3.5,6.75,6.25,3.2,,5.5,,,15.5,,
3.8,5.5,,,,3.25,6.0,7.5,2.0,,5.58,,,14.75,,
4.0,8.0,,,,3.75,7.0,7.75,3.2,,6.17,,,18.75,,
3.8,6.25,4.75,4.0,4.0,,,,3.4,4.25,,12.55,11.8,,,11.95
5.2,7.5,,,,3.0,7.0,9.25,5.6,,6.42,,,17.5,,
4.0,7.0,,,,2.75,5.75,7.0,2.4,,5.17,,,15.5,,
2.2,2.75,,,,2.75,5.25,5.5,2.4,,4.5,,,10.75,,
2.8,5.5,,,,5.25,4.75,7.0,3.4,,5.67,,,15.5,,
3.2,6.0,,,,4.0,6.75,7.75,2.4,,6.17,,,16.75,,
4.0,4.75,,,,4.25,5.5,5.75,2.4,,5.17,,,14.5,,
1.8,4.0,,,,3.0,3.75,5.75,3.8,,4.17,,,10.75,,
3.6,2.5,,,,3.0,4.75,6.75,2.8,,4.83,,,10.25,,
3.2,6.5,,,,4.0,7.75,9.25,3.0,,7.0,,,18.25,,
2.6,3.0,,,,3.75,5.0,6.5,2.6,,5.08,,,11.75,,
3.6,2.5,,,,3.75,5.75,6.25,2.4,,5.25,,,12.0,,
4.8,7.5,,,,5.0,6.25,8.75,4.0,,6.67,,,18.75,,
4.0,5.75,,,,3.25,3.75,6.5,3.0,,4.5,,,12.75,,
3.0,5.0,,,,3.25,5.5,7.0,2.2,,5.25,,,13.75,,
3.6,5.0,,,,3.25,6.5,,,,,,,14.75,,
3.6,6.0,,,,2.5,6.0,,,,,,,14.5,,
3.8,2.75,,,,3.5,6.75,,,,,,,13.0,,
3.6,3.75,,,,4.25,6.5,,,,,,,14.5,,
2.6,3.75,,,,3.5,5.5,,,,,,,12.75,,
2.8,2.75,,,,2.75,3.75,,,,,,,9.25,,
4.4,6.25,,,,6.0,8.25,7.75,4.8,,7.33,,,20.5,,
2.2,5.5,,,,4.75,6.75,6.5,2.4,,6.0,,,17.0,,
4.4,6.0,,,,5.25,8.0,7.5,3.2,,6.92,,,19.25,,
2.8,5.0,,,,3.25,4.5,7.0,2.0,,4.92,,,12.75,,
2.0,5.5,,,,4.75,6.75,5.75,2.6,,5.75,,,17.0,,
2.6,6.5,,,,4.25,4.75,7.0,2.4,,5.33,,,15.5,,
3.2,7.0,,,,3.0,7.25,7.5,2.8,,5.92,,,17.25,13.0,
4.0,7.5,,,,3.75,4.5,6.5,3.0,,4.92,,,15.75,,
4.2,5.0,,,,4.5,6.25,8.5,2.6,,6.42,,,15.75,,
2.6,4.5,,,,4.75,4.75,8.0,2.2,,5.83,,,14.0,,
5.0,6.5,,,,6.75,7.75,7.25,3.4,,7.25,,,21.0,,
5.0,6.5,,,,5.0,7.5,8.5,3.8,,7.0,,,19.0,,
3.4,6.5,,,,3.75,6.25,7.75,2.2,,5.92,,,16.5,,
3.8,7.25,,,,6.0,6.0,6.75,3.2,,6.25,,,19.25,,
4.4,4.0,,,,4.0,7.0,6.75,2.2,,5.92,,,15.0,,
4.6,5.75,,,,4.0,6.0,6.75,3.2,,5.58,,,15.75,,
3.0,3.25,,,,2.25,4.5,4.25,1.6,,3.67,,,10.0,,
2.4,5.25,,,,3.25,3.75,6.75,3.6,,4.58,,,12.25,,
4.0,5.5,,,,0.75,4.75,5.5,3.0,,3.67,,,11.0,,
3.6,3.5,,,,5.75,6.25,9.25,3.8,,7.08,,,15.5,,
5.0,8.0,5.0,5.5,5.25,,,,3.8,5.25,,15.5,15.75,,,13.8
5.6,5.5,5.75,5.5,4.25,,,,2.8,5.17,,16.85,15.35,,,14.15
5.4,7.5,4.75,1.75,5.5,,,,5.0,4.0,,11.9,12.65,,,15.15
5.8,7.0,7.0,4.75,6.25,,,,2.8,6.0,,17.55,16.8,,,15.6
4.6,6.75,2.75,5.25,4.0,,,,2.6,4.0,,12.6,13.85,,,9.95
6.0,7.25,3.0,7.0,6.5,,,,2.6,5.5,,16.0,19.5,,,11.6
5.4,7.0,2.75,5.25,2.75,,,,4.0,3.58,,13.4,13.4,,,12.15
6.2,6.75,7.0,7.0,4.0,,,,3.6,6.0,,20.2,17.2,,,16.8
6.0,5.0,7.25,6.75,4.25,,,,3.2,6.08,,20.0,17.0,,,16.45
5.4,8.25,4.75,5.5,5.5,,,,3.6,5.25,,15.65,16.4,,,13.75
3.4,5.5,,,,3.0,4.0,7.0,3.6,,4.67,,,12.5,,
2.6,3.0,,,,6.5,6.25,7.75,2.6,,6.83,,,15.75,,
2.0,7.5,,,,3.25,5.75,5.0,3.4,,4.67,,,16.5,,
4.6,3.25,,,,4.75,5.0,6.25,2.6,,5.33,,,13.0,,
5.0,7.0,,,,2.75,6.0,5.0,3.6,,4.58,,,15.75,,
3.8,7.0,,,,5.0,6.5,7.0,3.4,,6.17,,,18.5,,
2.6,5.25,,,,3.5,5.0,5.5,2.4,,4.67,,,13.75,,
2.2,2.5,,,,2.5,4.75,6.0,2.6,,4.42,,,9.75,,
3.8,5.5,4.5,2.75,4.75,,,,1.8,4.0,,11.05,11.3,,,10.1
3.2,4.25,,,,2.5,4.5,5.5,1.6,,4.17,,,11.25,,
5.0,4.25,,,,5.0,7.25,7.25,2.2,,6.5,,,16.5,,
4.0,7.5,,,,4.5,6.0,8.0,3.2,,6.17,,,18.0,,
4.2,7.5,,,,4.75,6.5,6.5,2.8,,5.92,,,18.75,,
5.8,8.25,,,,2.75,6.0,7.5,3.2,,5.42,,,17.0,,
6.0,8.0,,,,7.75,7.25,9.5,4.4,,8.17,,,23.0,,
4.2,4.5,,,,5.25,4.25,7.75,3.2,,5.75,,,14.0,,
4.4,7.75,,,,3.75,5.0,6.25,3.6,,5.0,,,16.5,,
2.6,4.0,,,,3.0,4.25,4.0,2.6,,3.75,,,11.25,,
4.4,7.0,,,,4.25,5.75,7.75,2.4,,5.92,,,17.0,,
2.0,3.75,,,,2.0,4.75,5.5,2.8,,4.08,,,10.5,,
1.2,3.75,,,,3.25,5.25,5.5,2.6,,4.67,,,12.25,,
3.8,5.0,,,,3.0,4.0,7.25,2.8,,4.75,,,12.0,,
3.2,3.0,,,,2.5,4.75,6.25,2.4,,4.5,,,10.25,,
3.8,5.25,,,,2.75,3.75,6.25,3.2,,4.25,,,11.75,,
2.8,4.0,,,,3.25,4.0,4.75,2.2,,4.0,,,11.25,9.0,
4.2,7.25,,,,3.25,7.0,8.0,4.0,,6.08,,,17.5,,
3.4,5.0,,,,5.0,6.0,7.0,2.0,,6.0,,,16.0,,
4.0,6.25,,,,1.25,1.75,2.75,2.4,,1.92,,,9.25,,
4.6,6.75,,,,5.75,6.75,7.25,3.6,,6.58,,,19.25,,
4.4,4.0,,,,3.0,5.25,5.25,2.8,,4.5,,,12.25,,
4.6,5.5,,,,3.0,5.5,6.25,4.8,,4.92,,,14.0,,
2.2,3.5,,,,4.0,3.25,5.75,2.6,,4.33,,,10.75,,
6.0,7.5,3.5,6.25,6.0,,,,2.8,5.25,,15.75,18.25,,,12.3
6.2,8.5,6.5,7.0,6.75,,,,4.8,6.75,,19.7,19.95,,,17.5
6.0,7.75,,,,5.5,5.25,8.0,4.2,,6.25,,,18.5,,
3.8,6.5,,,,3.25,6.25,8.5,3.4,,6.0,,,16.0,,
5.0,8.0,,,,4.25,7.75,7.5,3.4,,6.5,,,20.0,,
2.4,5.5,,,,3.25,3.5,5.25,2.2,,4.0,,,12.25,,
3.6,6.25,,,,2.0,5.5,6.75,3.4,,4.75,,,13.75,,
3.8,5.75,,,,2.25,5.25,5.25,3.2,,4.25,,,13.25,,
4.2,5.5,,,,5.75,5.25,6.75,4.0,,5.92,,,16.5,,
4.2,8.25,,,,4.75,4.75,7.75,3.8,,5.75,,,17.75,,
2.4,4.0,,,,4.5,4.75,6.0,2.8,,5.08,,,13.25,,
3.0,6.0,,,,4.0,5.75,7.25,2.2,,5.67,,,15.75,,
2.8,5.75,,,,2.5,5.0,8.0,2.6,,5.17,,,13.25,,
3.8,6.5,,,,3.25,5.5,4.75,3.0,,4.5,,,15.25,,
5.0,8.5,3.5,2.5,5.5,,,,3.0,3.83,,11.0,13.0,,,11.5
3.0,4.25,,,,3.0,4.75,6.75,3.2,,4.83,,,12.0,,
1.8,7.25,,,,3.5,4.5,6.75,2.6,,4.92,,,15.25,,
3.8,6.75,,,,4.75,7.5,8.5,2.8,,6.92,,,19.0,,
2.2,5.75,,,,3.75,4.25,5.75,2.8,,4.58,,,13.75,,
2.2,6.0,,,,3.25,4.25,4.5,2.2,,4.0,,,13.5,,
4.2,5.5,,,,3.0,5.0,6.75,3.6,,4.92,,,13.5,,
4.0,5.25,,,,5.0,7.25,7.75,3.4,,6.67,,,17.5,,
5.4,5.25,,,,3.5,6.0,7.25,3.0,,5.58,,,14.75,,
2.2,5.75,,,,2.75,4.75,6.25,2.8,,4.58,,,13.25,,
1.6,6.25,,,,3.25,4.75,6.75,2.8,,4.92,,,14.25,,
3.0,6.75,,,,5.5,6.25,8.25,2.8,,6.67,,,18.5,,
6.2,6.75,3.5,5.0,7.25,,,,2.6,5.25,,14.7,18.45,,,12.3
3.8,6.75,2.75,3.5,5.0,,,,2.4,3.75,,10.05,12.3,,,8.95
3.6,6.75,,,,5.25,5.25,6.75,3.0,,5.75,,,17.25,,
4.4,6.25,,,,3.5,6.25,8.5,3.8,,6.08,,,16.0,,
3.0,5.5,,,,3.0,4.0,6.5,2.2,,4.5,,,12.5,,
5.0,4.75,,,,3.25,4.25,8.5,2.8,,5.33,,,12.25,,
4.0,7.0,,,,2.5,5.75,7.0,1.6,,5.08,,,15.25,,
2.8,7.5,,,,5.0,4.75,8.5,2.6,,6.08,,,17.25,,
3.6,6.0,,,,4.0,4.0,7.25,3.8,,5.08,,,14.0,,
3.6,7.5,,,,2.25,6.25,8.25,3.4,,5.58,,,16.0,,
5.4,6.0,,,,3.5,5.5,7.0,3.2,,5.33,,,15.0,,
3.4,5.5,,,,3.0,4.75,6.0,1.4,,4.58,,,13.25,,
7.2,5.75,6.5,6.25,5.75,,,,2.8,6.17,,19.95,19.2,,,16.5
6.0,8.0,2.75,5.75,5.5,,,,4.0,4.67,,14.5,17.25,,18.0,12.75
2.6,5.25,,,,2.0,5.5,6.25,2.6,,4.58,,,12.75,,
7.2,7.0,4.75,6.75,5.5,,,,3.4,5.67,,18.7,19.45,,,15.35
4.2,7.5,,,,6.5,8.25,9.0,3.6,,7.92,,,22.25,,
2.4,5.25,,,,4.25,5.0,5.75,2.8,,5.0,,,14.5,,
5.8,8.0,,,,3.5,8.5,7.25,2.6,,6.42,,,20.0,,
3.2,6.75,,,,3.5,6.0,8.0,3.4,,5.83,,,16.25,,
4.0,6.25,,,,3.0,3.5,5.0,2.2,,3.83,,,12.75,,
3.2,5.75,,,,3.5,6.0,6.25,2.6,,5.25,,,15.25,,
4.6,4.0,,,,2.75,6.75,5.25,2.0,,4.92,,,13.5,,
4.8,6.5,,,,4.75,6.5,8.5,3.0,,6.58,,,17.75,,
4.0,6.75,,,,2.75,5.25,6.75,4.0,,4.92,,,14.75,,
2.4,5.75,,,,3.5,5.75,7.75,4.2,,5.67,,,15.0,,
4.2,6.75,,,,2.5,4.75,7.5,3.4,,4.92,,,14.0,,
4.6,5.0,,,,3.75,5.5,7.0,2.4,,5.42,,,14.25,12.0,
2.2,2.5,,,,2.5,4.0,5.0,3.4,,3.83,,,9.0,,
5.0,7.0,,,,2.75,5.25,5.25,3.4,,4.42,,,15.0,,
2.0,4.5,,,,3.25,4.5,6.75,3.8,,4.83,,,12.25,,
5.4,4.25,,,,5.5,7.25,7.75,2.8,,6.83,,,17.0,,
5.4,3.75,3.25,3.25,5.5,,,,2.4,4.0,,11.9,14.15,,,11.05
6.4,6.25,5.5,5.5,4.75,,,,3.2,5.25,,17.4,16.65,,,15.1
3.4,5.75,,,,1.75,4.5,5.75,3.4,,4.0,,,12.0,,
2.8,3.75,,,,2.75,4.25,5.5,2.0,,4.17,,,10.75,,
3.4,4.0,,,,2.75,4.75,7.0,3.4,,4.83,,,11.5,,
3.2,2.75,,,,3.25,5.5,5.75,2.4,,4.83,,,11.5,,
5.6,5.0,5.0,4.0,4.0,,,,3.4,4.33,,14.6,13.6,,14.0,14.0
5.2,4.0,5.5,3.25,2.75,,,,5.6,3.83,,13.95,11.2,,,16.3
4.8,6.75,4.25,5.25,2.75,,,,3.6,4.08,,14.3,12.8,,,12.65
5.4,5.0,3.5,3.25,3.25,,,,2.6,3.33,,12.15,11.9,,13.0,11.5
6.6,2.75,3.25,4.25,3.5,,,,6.6,3.67,,14.1,14.35,,,16.45
6.0,8.25,4.5,3.5,3.75,,,,3.6,3.92,,14.0,13.25,,,14.1
4.0,4.0,,,,4.0,7.75,8.5,2.8,,6.75,,,15.75,,
3.4,7.0,,,,3.25,5.5,7.5,2.4,,5.42,,,15.75,,
2.8,6.25,,,,4.75,7.25,7.25,2.2,,6.42,,,18.25,,
3.0,5.0,,,,4.75,6.5,8.0,2.2,,6.42,,,16.25,,
4.2,5.75,,,,4.25,5.75,7.5,4.0,,5.83,,,15.75,,
4.0,2.75,,,,2.75,5.5,,,,,,,11.0,,
1.8,1.5,,,,3.0,4.25,,,,,,,8.75,,
1.6,2.0,,,,3.5,2.75,,,,,,,8.25,,
2.2,2.0,,,,3.25,3.5,,,,,,,8.75,,
,8.25,,,,8.5,9.5,,,,,,,26.25,,
2.0,3.0,,,,3.5,4.5,,,,,,,11.0,,
,7.25,,,,6.25,6.5,,,,,,,20.0,,
,4.5,,,,4.25,5.25,,,,,,,14.0,,
1.2,1.5,,,,3.25,2.0,,,,,,,6.75,,
1.6,8.0,,2.5,2.75,6.75,,,,,,,6.85,,,
6.2,,,6.0,5.5,,,,,,,,17.7,,,
4.0,6.75,,,,4.0,5.75,7.75,2.2,,5.83,,,16.5,,
3.6,6.5,3.75,4.25,4.75,,,,4.4,4.25,,11.6,12.6,,,11.75
4.0,6.5,,,,4.25,5.0,7.0,4.0,,5.42,,,15.75,,
4.6,7.25,,,,6.0,6.75,8.75,4.4,,7.17,,,20.0,,
5.4,5.25,3.25,3.0,5.75,,,,1.6,4.0,,11.65,14.15,,,10.25
3.0,6.5,2.75,2.0,3.75,2.25,4.75,5.75,3.4,2.83,4.25,7.75,8.75,13.5,,9.15
6.4,7.5,5.0,5.0,6.75,,,,4.2,5.58,,16.4,18.15,,,15.6
2.8,6.0,,,,3.75,5.0,6.75,3.0,,5.17,,,14.75,,
2.4,4.25,,,,3.5,6.0,6.75,2.4,,5.42,,,13.75,,
4.0,6.75,,,,4.75,4.75,7.75,2.2,,5.75,,,16.25,,
2.4,4.5,,,,4.5,2.75,6.25,2.0,,4.5,,,11.75,,
4.4,7.0,,,,4.75,6.75,8.0,2.6,,6.5,,,18.5,14.0,
3.0,3.5,,,,2.75,4.25,5.75,2.4,,4.25,,,10.5,,
3.8,5.5,,,,4.0,5.75,6.75,2.8,,5.5,,,15.25,,
4.4,3.0,,,,2.0,3.0,4.25,2.6,,3.08,,,8.0,10.0,
4.8,4.25,4.75,3.5,3.0,,,,3.2,3.75,,13.05,11.3,,,12.75
5.2,8.25,,,,7.0,8.75,9.0,3.4,,8.25,,,24.0,,
4.2,6.25,,,,3.0,5.5,7.0,3.6,,5.17,,,14.75,,
3.2,6.5,,,,4.0,6.0,8.0,3.6,,6.0,,,16.5,,
2.8,6.0,,,,2.25,3.5,5.25,2.6,,3.67,,,11.75,,
2.6,6.75,,,,3.5,5.75,5.5,2.6,,4.92,,,16.0,,
3.4,2.5,,,,3.25,5.0,6.25,3.4,,4.83,,,10.75,,
5.6,7.25,5.5,5.5,4.25,,,,4.6,5.08,,16.6,15.35,,,15.7
4.4,5.25,,,,3.75,5.5,7.75,2.4,,5.67,,,14.5,,
3.2,5.5,,,,4.5,5.5,7.0,3.0,,5.67,,,15.5,,
4.2,6.0,,,,3.5,5.25,8.0,3.2,,5.58,,,14.75,,
2.6,7.0,,,,2.75,5.25,7.25,2.6,,5.08,,,15.0,,
3.4,5.0,,,,3.5,4.0,6.25,1.4,,4.58,,,12.5,,
4.4,5.75,,,,2.5,4.75,6.25,3.0,,4.5,,,13.0,,
5.4,6.75,5.0,4.0,6.25,,,,3.2,5.08,,14.4,15.65,,,13.6
5.6,6.25,4.0,3.25,4.5,,,,4.0,3.92,,12.85,13.35,,,13.6
6.2,6.75,4.0,4.0,5.0,,,,2.4,4.33,,14.2,15.2,,,12.6
7.0,7.75,7.75,4.75,6.0,,,,3.4,6.17,,19.5,17.75,,,18.15
4.8,6.5,4.0,5.0,3.5,,,,2.2,4.17,,13.8,13.3,,,11.0
6.0,6.0,7.0,4.75,4.75,,,,4.0,5.5,,17.75,15.5,,16.0,17.0
7.2,8.0,6.75,4.5,4.5,,,,4.6,5.25,,18.45,16.2,,,18.55
2.8,4.0,3.25,3.5,5.25,,,,2.8,4.0,,9.55,11.55,,,8.85
7.0,6.75,7.5,3.5,4.75,,,,5.6,5.25,,18.0,15.25,,,20.1
6.8,8.0,,,,4.25,5.25,6.5,7.6,,5.33,,,17.5,,
6.8,7.75,,,,3.25,5.5,6.25,6.6,,5.0,,,16.5,,
4.2,8.5,,,,3.5,5.5,6.25,4.2,,5.08,,,17.5,,
6.2,8.75,,,,2.5,4.75,7.75,7.6,,5.0,,,16.0,,
6.2,8.5,,,,5.5,7.25,9.0,8.4,,7.25,,,21.25,,
6.4,8.25,,,,4.25,5.25,5.25,5.8,,4.92,,,17.75,,
7.0,8.5,,,,5.0,6.25,8.0,7.4,,6.42,,,19.75,,
6.8,8.75,,,,4.0,6.5,8.75,5.6,,6.42,,,19.25,,
7.8,9.0,,,,4.25,7.25,8.0,,,6.5,,,20.5,,
3.2,,,1.5,3.75,,,,,,,,8.45,,,
5.2,4.75,,,,4.75,,,,,,,,,,
2.6,7.0,,,,5.0,2.5,,,,,,,14.5,,
6.6,8.5,,,,8.5,,,,,,,,,,
7.4,9.0,,,,8.75,1.25,,,,,,,19.0,,
2.6,5.5,,,,2.75,,,,,,,,,,
5.0,6.5,,,,5.25,3.25,,,,,,,15.0,,
6.0,8.25,,,,9.0,2.25,,,,,,,19.5,,
6.2,8.5,,,,5.75,1.0,,,,,,,15.25,,
5.4,8.0,,,,5.75,,,,,,,,,,
2.4,3.25,,,,5.75,,,,,,,,,,
4.0,3.75,,,,3.75,,,,,,,,,,
2.6,4.0,,,,3.75,4.0,6.75,2.8,,4.83,,,11.75,,
4.6,6.5,,,,4.25,4.75,9.25,1.8,,6.08,,,15.5,,
2.6,4.0,,,,2.0,4.25,3.5,1.6,,3.25,,,10.25,,
4.6,7.25,,,,3.25,4.25,5.75,2.2,,4.42,,,14.75,,
5.2,8.25,,,,2.75,4.75,7.25,3.6,,4.92,,,15.75,,
2.4,3.5,,,,3.75,4.0,5.5,2.6,,4.42,,,11.25,,
6.8,6.5,5.25,5.5,5.75,,,,7.0,5.5,,17.55,18.05,,,19.05
5.8,5.25,3.0,5.25,3.75,,,,2.8,4.0,,14.05,14.8,,,11.6
4.4,6.25,5.75,3.5,3.75,,,,2.4,4.33,,13.65,11.65,,,12.55
5.0,7.75,6.25,5.75,5.5,,,,3.0,5.83,,17.0,16.25,,,14.25
2.0,5.0,2.75,2.25,3.75,,,,2.6,2.92,,7.0,8.0,,,7.35
5.8,7.5,5.0,5.25,5.75,,,,8.8,5.33,,16.05,16.8,,,19.6
5.0,4.5,4.75,5.5,3.5,,,,2.6,4.58,,15.25,14.0,,,12.35
3.2,4.75,2.0,3.0,3.5,,,,2.8,2.83,,8.2,9.7,,,8.0
6.2,6.25,4.25,4.25,4.75,,,,5.6,4.42,,14.7,15.2,,,16.05
6.0,6.75,,,,4.5,5.25,6.25,2.6,,5.33,,,16.5,,
5.4,8.0,,,,5.0,5.75,8.25,1.8,,6.33,,,18.75,,
7.8,6.5,6.25,7.25,5.75,,,,4.0,6.42,,21.3,20.8,,,18.05
3.8,5.5,3.0,3.5,2.5,,,,3.8,3.0,,10.3,9.8,,,10.6
6.4,7.0,5.0,6.0,5.75,,,,4.8,5.58,,17.4,18.15,,,16.2
3.2,5.75,,,,3.0,6.5,7.5,3.2,,5.67,,,15.25,,
2.0,4.0,,,,3.0,5.25,7.5,3.0,,5.25,,,12.25,9.0,
4.2,4.5,,,,3.5,6.75,8.75,3.8,,6.33,,,14.75,,
1.8,1.25,,,,3.5,3.25,5.25,3.2,,4.0,,,8.0,,
3.4,6.0,,,,3.25,6.0,7.75,4.4,,5.67,,,15.25,,
3.8,6.75,,,,3.75,6.25,8.5,3.4,,6.17,,,16.75,,
4.6,7.5,,,,6.5,7.5,8.0,4.4,,7.33,,,21.5,,
5.4,6.5,,,,3.75,6.25,8.0,2.8,,6.0,,,16.5,,
3.4,6.5,,,,4.25,4.0,7.25,3.2,,5.17,,,14.75,,
2.8,6.0,,,,2.25,2.75,6.75,2.6,,3.92,,,11.0,,
5.6,7.5,,,,5.25,6.75,9.5,3.2,,7.17,,,19.5,,
4.0,6.0,,,,2.5,4.5,6.75,2.8,,4.58,,,13.0,,
4.0,5.75,,,,4.75,5.5,7.25,2.4,,5.83,,,16.0,,
3.6,5.0,,,,4.5,5.0,5.5,2.6,,5.0,,,14.5,,
1.8,4.5,,,,2.75,3.75,4.5,3.8,,3.67,,,11.0,,
2.8,6.0,,,,3.0,3.75,6.5,3.0,,4.42,,,12.75,,
1.4,3.0,,,,3.25,4.75,5.0,2.6,,4.33,,,11.0,7.0,
3.2,7.75,3.75,4.25,4.75,,,,4.0,4.25,,11.2,12.2,,,10.95
3.6,6.25,,,,5.25,7.25,7.75,4.4,,6.75,,,18.75,,
2.2,4.75,,,,3.25,5.75,7.0,2.8,,5.33,,,13.75,,
3.0,3.5,,,,3.25,5.75,7.25,2.2,,5.42,,,12.5,,
2.8,4.5,,,,2.75,3.0,4.75,1.4,,3.5,,,10.25,,
4.8,7.5,3.25,5.5,4.25,,,,3.4,4.33,,13.55,14.55,,,11.45
2.8,4.0,,,,2.75,5.0,7.0,2.0,,4.92,,,11.75,,
4.0,6.0,,,,4.25,5.25,8.25,2.4,,5.92,,,15.5,,
2.4,8.0,,,,3.0,5.0,8.75,2.8,,5.58,,,16.0,,
2.2,3.5,,,,3.75,6.0,8.0,5.4,,5.92,,,13.25,,
4.6,7.0,,,,4.5,7.25,9.0,4.6,,6.92,,,18.75,,
2.8,5.0,,,,3.25,5.75,8.0,2.8,,5.67,,,14.0,,
3.6,4.5,,,,2.0,5.5,5.5,3.6,,4.33,,,12.0,,
4.0,5.75,,,,3.0,6.75,7.75,4.0,,5.83,,,15.5,,
4.2,6.0,,,,4.25,7.0,8.25,3.8,,6.5,,,17.25,14.0,
5.0,6.0,,,,5.0,5.0,7.25,3.2,,5.75,,,16.0,,
5.2,3.75,,,,3.25,4.75,8.0,3.6,,5.33,,,11.75,,
5.2,4.5,4.25,3.5,5.5,,,,5.2,4.42,,12.95,14.2,,,14.65
4.8,7.25,,,,5.0,6.5,7.75,2.8,,6.42,,,18.75,,
3.8,4.5,,,,2.25,4.5,7.0,2.4,,4.58,,,11.25,,
3.0,4.0,,,,4.0,3.75,3.5,2.8,,3.75,,,11.75,,
5.2,6.5,5.75,4.75,5.0,,,,3.2,5.17,,15.7,14.95,,,14.15
4.6,6.0,,,,2.25,5.75,9.5,4.2,,5.83,,,14.0,,
2.8,3.5,,,,2.25,4.5,6.5,2.6,,4.42,,,10.25,,
4.8,5.5,,,,3.0,3.75,8.0,3.0,,4.92,,,12.25,,
2.8,6.0,,,,3.75,5.25,6.25,2.6,,5.08,,,15.0,,
3.4,3.75,,,,3.25,4.5,6.0,2.0,,4.58,,,11.5,,
3.4,4.0,,,,5.75,7.0,7.0,2.0,,6.58,,,16.75,,
3.4,6.25,,,,3.0,5.25,5.0,3.2,,4.42,,,14.5,,
4.2,5.5,,,,3.25,7.25,9.25,3.0,,6.58,,,16.0,,
5.6,5.75,,,,4.5,5.5,8.0,3.8,,6.0,,,15.75,,
5.6,7.5,,,,3.5,7.0,8.0,4.6,,6.17,,,18.0,,
3.0,5.0,,,,3.0,3.0,5.5,2.2,,3.83,,,11.0,,
4.0,7.5,,,,7.0,6.5,7.75,3.6,,7.08,,,21.0,,
4.2,6.0,,,,4.25,5.25,7.5,2.4,,5.67,,,15.5,,
4.8,7.25,,,,5.5,6.5,7.75,4.6,,6.58,,,19.25,,
4.4,7.5,,,,4.0,7.0,8.0,2.8,,6.33,,,18.5,,
6.0,7.25,,,,5.75,6.75,7.25,2.6,,6.58,,,19.75,,
2.8,3.25,,,,3.75,3.0,5.5,3.4,,4.08,,,10.0,,
2.0,4.5,,,,3.0,5.25,5.0,4.2,,4.42,,,12.75,,
5.4,6.5,4.0,4.75,5.25,,,,4.8,4.67,,14.15,15.4,,,14.2
2.0,4.25,,,,2.5,3.25,5.5,2.2,,3.75,,,10.0,,
5.2,5.5,5.5,4.0,2.75,,,,3.4,4.08,,14.7,11.95,,,14.1
2.4,5.25,,,,1.75,5.0,5.75,3.0,,4.17,,,12.0,,
3.4,3.75,,,,4.5,6.25,6.75,3.2,,5.83,,,14.5,,
4.2,6.0,,,,3.5,5.5,6.5,2.4,,5.17,,,15.0,,
2.0,3.25,,,,4.5,4.0,5.25,2.0,,4.58,,,11.75,,
5.6,7.0,,,,4.0,5.5,7.5,3.6,,5.67,,,16.5,,
4.6,5.5,4.0,5.0,5.75,,,,2.4,4.92,,13.6,15.35,,,11.0
5.2,7.5,3.5,3.5,3.25,,,,4.0,3.42,,12.2,11.95,,,12.7
4.2,5.5,,,,4.25,5.25,7.0,3.0,,5.5,,,15.0,,
4.4,6.25,3.5,4.75,4.25,,,,3.0,4.17,,12.65,13.4,,,10.9
6.0,6.25,4.75,6.25,4.0,,,,3.4,5.0,,17.0,16.25,,,14.15
2.6,3.5,,,,3.0,3.0,5.0,1.6,,3.67,,,9.5,,
7.2,3.5,7.5,7.0,4.25,,,,3.0,6.25,,21.7,18.45,,,17.7
2.6,5.25,,,,3.25,5.0,4.75,2.0,,4.33,,,13.5,,
3.4,3.75,,,,2.0,3.25,5.75,2.6,,3.67,,,9.0,,
3.6,5.25,,,,5.5,6.5,7.25,2.2,,6.42,,,17.25,,
4.4,5.25,,,,3.25,5.75,5.75,2.4,,4.92,,,14.25,,
4.6,3.25,,,,3.5,6.0,5.25,2.2,,4.92,,,12.75,,
4.6,7.0,,,,5.0,7.5,9.25,5.0,,7.25,,,19.5,,
4.0,6.75,,,,5.25,6.25,8.0,3.8,,6.5,,,18.25,,
4.4,4.0,,,,2.75,3.75,5.25,2.4,,3.92,,,10.5,,
5.0,6.5,,,,4.25,6.75,8.5,1.8,,6.5,,,17.5,,
4.0,6.5,,,,4.0,6.25,8.25,2.6,,6.17,,,16.75,,
3.8,6.5,,,,3.5,6.25,6.75,2.2,,5.5,,,16.25,,
,8.25,,,,4.5,7.25,,,,,,,20.0,,
1.2,2.0,,,,2.0,3.75,,,,,,,7.75,,
4.2,3.25,,,,3.75,4.25,,,,,,,11.25,,
2.8,6.0,,,,3.25,4.5,,,,,,,13.75,,
3.2,2.75,,,,2.75,5.0,,,,,,,10.5,,
6.8,,7.25,5.75,,,,,,,,19.8,,,,
4.2,5.75,,,,3.75,,,,,,,,,,
4.2,5.75,,,,2.0,5.25,5.75,3.0,,4.33,,,13.0,,
4.8,6.0,2.75,4.25,5.5,,,,2.4,4.17,,11.8,14.55,,,9.95
5.4,4.75,4.0,3.5,3.0,,,,4.2,3.5,,12.9,11.9,,,13.6
3.4,8.0,,,,4.5,5.75,8.75,2.2,,6.33,,,18.25,,
1.8,3.25,,,,4.0,3.75,7.0,2.6,,4.92,,,11.0,,
4.2,6.0,,,,3.0,5.75,7.25,3.0,,5.33,,,14.75,,
3.8,5.75,,,,4.75,5.75,7.5,3.6,,6.0,,,16.25,,
2.4,5.0,,,,4.25,4.5,3.25,2.8,,4.0,,,13.75,,
4.4,6.0,,,,3.25,6.25,8.0,2.6,,5.83,,,15.5,13.0,
2.8,4.25,,,,2.75,5.0,4.5,2.4,,4.08,,,12.0,,
1.8,4.75,,,,4.0,5.5,7.5,3.6,,5.67,,,14.25,,
3.4,5.75,,,,3.0,4.75,7.5,3.4,,5.08,,,13.5,,
2.0,6.25,,,,2.5,4.25,7.0,3.6,,4.58,,,13.0,,
3.8,6.0,,,,2.75,4.75,6.25,3.4,,4.58,,,13.5,,
2.2,3.25,,,,2.25,4.0,5.0,2.2,,3.75,,,9.5,,
4.2,6.0,,,,2.25,3.5,6.5,2.4,,4.08,,,11.75,,
2.2,4.5,,,,2.5,3.75,7.25,1.8,,4.5,,,10.75,,
1.8,5.75,,,,1.25,4.25,4.75,2.4,,3.42,,,11.25,,
4.4,7.25,,,,3.5,4.75,5.5,2.8,,4.58,,,15.5,,
4.0,6.25,,,,5.75,5.5,7.25,3.6,,6.17,,,17.5,,
2.6,5.75,,,,2.0,5.5,7.25,2.8,,4.92,,,13.25,,
5.2,5.5,,,,3.25,7.5,7.25,3.8,,6.0,,,16.25,,
3.4,5.75,,,,3.5,4.75,5.25,3.6,,4.5,,,14.0,,
3.6,4.0,,,,5.0,4.0,6.5,2.6,,5.17,,,13.0,,
3.6,7.0,,,,4.75,5.75,8.0,2.8,,6.17,,,17.5,,
2.8,6.0,,,,2.25,4.5,7.25,2.4,,4.67,,,12.75,,
5.4,8.0,,,,5.5,8.0,8.25,3.0,,7.25,,,21.5,,
5.8,7.25,4.0,3.25,4.0,,,,3.0,3.75,,13.05,13.05,,,12.8
3.4,6.5,,,,3.25,4.75,7.25,1.6,,5.08,,,14.5,,
5.6,7.5,,,,5.75,7.5,9.25,3.4,,7.5,,,20.75,,
3.4,6.0,,,,5.0,6.25,6.5,4.2,,5.92,,,17.25,,
2.8,3.25,,,,4.25,4.5,6.75,2.0,,5.17,,,12.0,,
3.0,7.0,,,,5.5,6.5,7.5,2.4,,6.5,,,19.0,,
5.0,5.75,,,,4.75,7.75,7.0,2.6,,6.5,,,18.25,,
5.8,7.0,,,,5.5,7.5,7.75,4.0,,6.92,,,20.0,,
2.6,6.25,,,,3.0,5.75,5.75,3.4,,4.83,,,15.0,,
4.0,5.5,,,,4.0,6.0,7.75,2.8,,5.92,,,15.5,,
4.0,6.25,,,,3.25,6.25,7.75,3.6,,5.75,,,15.75,,
3.2,4.25,,,,2.75,3.0,6.25,2.6,,4.0,,,10.0,,
5.0,7.25,,,,4.0,5.0,8.75,2.2,,5.92,,,16.25,,
4.2,7.5,,,,6.25,7.75,8.5,2.6,,7.5,,,21.5,,
3.8,6.75,,,,4.5,6.25,7.75,2.4,,6.17,,,17.5,,
3.4,6.0,,,,3.5,5.75,5.75,3.8,,5.0,,,15.25,,
2.6,6.5,,,,2.75,4.5,6.75,2.8,,4.67,,,13.75,,
3.6,6.0,,,,4.25,6.25,7.25,3.6,,5.92,,,16.5,,
4.4,7.5,,,,2.75,6.25,8.5,3.8,,5.83,,,16.5,,
4.2,7.5,,,,7.5,6.0,9.25,5.0,,7.58,,,21.0,,
2.2,3.75,,,,2.0,5.25,6.5,1.8,,4.58,,,11.0,,
4.2,5.25,,,,5.25,7.5,8.5,3.2,,7.08,,,18.0,,
7.4,7.0,,,,6.5,6.0,8.5,4.8,,7.0,,,19.5,,
2.6,5.5,,,,3.5,4.0,7.25,2.8,,4.92,,,13.0,,
3.0,7.0,,,,4.5,5.75,7.5,2.6,,5.92,,,17.25,,
3.4,6.0,,,,3.75,6.25,6.75,2.6,,5.58,,,16.0,12.0,
4.0,3.75,,,,3.25,4.5,6.75,3.6,,4.83,,,11.5,,
3.8,7.5,,,,4.75,6.5,8.0,3.2,,6.42,,,18.75,,
4.4,5.5,,,,3.0,7.0,5.75,5.0,,5.25,,,15.5,,
6.2,6.25,4.75,5.75,5.25,,,,2.6,5.25,,16.7,17.2,,,13.55
5.6,6.25,2.75,4.5,4.75,,,,3.4,4.0,,12.85,14.85,,,11.75
3.2,7.5,,,,4.0,5.5,6.75,2.0,,5.42,,,17.0,,
2.6,7.5,,,,4.0,7.25,6.75,2.8,,6.0,,,18.75,,
2.8,4.5,,,,2.5,5.5,6.75,3.0,,4.92,,,12.5,,
5.2,6.5,,,,5.25,6.5,8.0,3.0,,6.58,,,18.25,,
2.8,2.25,,,,2.0,3.25,2.75,2.0,,2.67,,,7.5,,
3.6,8.0,,,,4.5,6.5,8.0,4.2,,6.33,,,19.0,,
5.2,8.5,,,,5.5,7.75,8.5,6.0,,7.25,,,21.75,,
4.0,6.25,,,,3.0,4.5,5.5,3.2,,4.33,,,13.75,,
5.0,5.75,,,,5.5,5.25,8.75,3.4,,6.5,,,16.5,,
4.2,6.75,,,,3.75,6.0,8.0,4.0,,5.92,,,16.5,,
3.6,6.75,,,,5.25,6.5,7.0,2.4,,6.25,,,18.5,,
3.4,5.25,,,,3.75,5.75,7.75,1.8,,5.75,,,14.75,,
4.8,7.5,,,,6.25,8.5,10.0,2.4,,8.25,,,22.25,,
5.4,8.25,,,,3.75,6.25,9.0,2.8,,6.33,,,18.25,,
4.0,6.75,,,,4.5,6.0,8.5,3.8,,6.33,,,17.25,,
4.4,7.75,,,,4.25,5.25,7.75,3.6,,5.75,,,17.25,,
3.0,6.5,,,,2.25,4.0,6.0,3.2,,4.08,,,12.75,,
3.4,7.25,,,,4.0,4.25,7.25,3.0,,5.17,,,15.5,,
2.8,6.25,,,,3.25,5.5,6.75,2.8,,5.17,,,15.0,,
4.8,7.75,,,,5.0,6.5,7.25,3.4,,6.25,,,19.25,,
3.8,6.5,,,,5.75,4.25,5.0,3.6,,5.0,,,16.5,,
3.8,6.25,3.5,3.25,4.0,,,,3.0,3.58,,10.55,11.05,,,10.3
4.8,6.5,6.25,4.5,4.5,,,,5.0,5.08,,15.55,13.8,,,16.05
4.6,5.5,3.25,4.25,5.0,,,,2.6,4.17,,12.1,13.85,,,10.45
4.4,5.25,3.0,4.5,3.5,,,,1.4,3.67,,11.9,12.4,,,8.8
6.0,7.75,4.5,6.75,7.5,,,,3.4,6.25,,17.25,20.25,,,13.9
6.0,4.25,4.75,5.25,4.5,,,,3.4,4.83,,16.0,15.75,,,14.15
3.8,6.5,,,,4.5,7.0,7.0,3.4,,6.17,,,18.0,,
4.4,7.0,,,,5.0,4.5,8.5,4.2,,6.0,,,16.5,,
6.8,5.5,5.25,6.5,4.0,,,,1.6,5.25,,18.55,17.3,,,13.65
3.0,5.75,,,,3.75,4.75,7.25,2.8,,5.25,,,14.25,,
2.8,6.25,,,,2.75,4.5,5.25,3.0,,4.17,,,13.5,,
4.0,7.0,,,,3.75,6.25,8.5,3.0,,6.17,,,17.0,14.0,
2.6,3.5,,,,2.0,3.0,6.5,3.6,,3.83,,,8.5,,
5.0,8.0,,,,5.5,7.75,9.25,3.8,,7.5,,,21.25,,
3.2,6.5,,,,4.5,5.5,7.25,2.0,,5.75,,,16.5,,
3.0,4.5,,,,1.5,4.25,7.25,2.8,,4.33,,,10.25,,
5.6,7.25,,,,4.5,6.25,8.75,4.6,,6.5,,,18.0,,
5.6,8.25,,,,5.0,6.5,8.75,7.2,,6.75,,,19.75,,
5.2,6.25,,,,5.25,8.75,9.0,3.2,,7.67,,,20.25,,
3.8,4.75,,,,4.5,3.5,6.5,3.2,,4.83,,,12.75,,
2.2,5.5,,,,3.25,6.5,8.25,2.6,,6.0,,,15.25,,
4.4,4.5,,,,3.5,4.25,4.25,3.0,,4.0,,,12.25,,
7.2,6.0,5.25,5.5,5.0,,,,4.0,5.25,,17.95,17.7,,,16.45
6.0,6.0,,,,4.25,6.25,9.25,4.8,,6.58,,,16.5,,
2.6,6.0,,,,4.0,4.75,5.0,2.6,,4.58,,,14.75,,
3.4,5.5,3.0,4.0,5.25,,,,2.4,4.08,,10.4,12.65,,,8.8
6.8,7.5,6.25,6.75,4.25,,,,3.8,5.75,,19.8,17.8,,,16.85
5.6,8.5,6.0,4.75,5.0,,,,4.2,5.25,,16.35,15.35,,,15.8
5.0,6.25,5.0,4.25,5.5,,,,3.8,4.92,,14.25,14.75,,,13.8
5.4,6.5,6.25,5.0,5.75,,,,5.4,5.67,,16.65,16.15,,,17.05
5.6,6.5,4.0,3.75,4.0,,,,2.2,3.92,,13.35,13.35,,,11.8
3.4,3.25,,,,5.0,3.75,,,,,,,12.0,,
3.2,4.25,,,,2.75,5.5,,,,,,,12.5,,
,8.0,,,,8.75,9.0,,,,,,,25.75,,
3.2,5.0,,,,4.5,7.0,,,,,,,16.5,,
,6.5,,,,4.25,6.25,,,,,,,17.0,,
2.6,5.5,,,,3.0,5.0,6.75,1.8,,4.92,,,13.5,,
2.8,4.0,,,,2.75,5.75,7.5,3.2,,5.33,,,12.5,10.0,
5.0,5.5,,,,3.75,6.0,8.0,3.2,,5.92,,,15.25,,
2.2,5.25,,,,3.25,4.5,4.5,3.8,,4.08,,,13.0,,
2.4,3.5,,,,3.75,2.5,4.5,1.6,,3.58,,,9.75,,
3.0,6.0,,,,6.0,8.0,9.25,3.8,,7.75,,,20.0,,
4.4,3.0,,,,3.0,5.0,5.0,2.8,,4.33,,,11.0,,
3.2,5.0,,,,3.5,5.0,4.75,1.0,,4.42,,,13.5,,
5.2,6.25,,,,4.5,5.75,8.25,3.8,,6.17,,,16.5,,
4.2,6.5,,,,4.75,6.75,7.5,1.6,,6.33,,,18.0,,
5.2,5.25,,,,4.5,4.5,7.5,3.0,,5.5,,,14.25,,
4.0,6.5,,,,2.75,6.5,6.75,3.0,,5.33,,,15.75,,
4.4,6.0,,,,2.0,6.5,7.5,2.2,,5.33,,,14.5,,
3.0,5.75,,,,3.0,4.5,5.75,2.6,,4.42,,,13.25,,
3.2,6.25,,,,3.75,6.75,8.0,3.8,,6.17,,,16.75,,
2.0,5.0,,,,2.5,5.25,5.0,2.6,,4.25,,,12.75,,
2.6,6.0,,,,3.0,6.75,6.25,3.0,,5.33,,,15.75,,
4.8,6.0,3.75,5.5,7.0,,,,3.2,5.42,,14.05,17.3,,14.0,11.75
6.6,4.25,7.25,4.25,5.25,,,,7.2,5.58,,18.1,16.1,,,21.05
3.4,5.75,,,,3.25,4.0,7.0,2.6,,4.75,,,13.0,,
2.4,3.0,,,,3.5,4.25,6.5,2.4,,4.75,,,10.75,,
3.6,3.5,,,,1.25,3.75,6.0,2.4,,3.67,,,8.5,,
2.2,3.25,,,,3.0,3.75,4.25,2.0,,3.67,,,10.0,,
2.2,5.75,,,,3.75,5.25,7.5,3.0,,5.5,,,14.75,,
4.6,6.0,,,,3.25,5.0,6.75,2.2,,5.0,,,14.25,,
4.0,5.75,,,,3.5,5.5,7.0,2.2,,5.33,,,14.75,,
3.0,4.25,,,,2.75,4.5,5.25,3.0,,4.17,,,11.5,,
2.4,5.0,,,,3.0,5.25,6.5,3.4,,4.92,,,13.25,,
4.0,6.0,,,,3.0,5.0,7.0,2.8,,5.0,,,14.0,,
2.2,3.75,,,,2.75,5.25,6.25,2.4,,4.75,,,11.75,,
5.2,8.0,,,,7.75,8.0,9.0,3.8,,8.25,,,23.75,17.0,
3.0,5.0,,,,2.75,6.5,7.5,3.4,,5.58,,,14.25,,
3.0,3.25,,,,3.75,2.25,5.5,2.8,,3.83,,,9.25,,
2.4,3.0,,,,3.25,4.0,,,,,,,10.25,,
3.0,2.0,,,,2.0,3.25,,,,,,,7.25,,
4.2,9.0,,,,5.5,7.0,7.75,2.8,,6.75,,,21.5,16.0,
2.4,4.5,,,,3.5,4.0,6.25,1.4,,4.58,,,12.0,,
3.8,8.25,,,,4.25,6.0,6.75,3.0,,5.67,,,18.5,,
5.4,4.75,,,,2.75,6.25,6.5,2.6,,5.17,,,13.75,,
2.8,8.0,,,,2.75,5.25,6.0,2.6,,4.67,,,16.0,,
2.6,5.25,,,,2.25,3.0,3.5,2.2,,2.92,,,10.5,,
5.6,5.5,,,,4.25,7.5,8.25,3.0,,6.67,,,17.25,,
3.4,7.25,,,,4.75,5.5,7.75,1.6,,6.0,,,17.5,,
5.2,7.25,,,,3.25,5.5,8.0,3.0,,5.58,,,16.0,,
4.4,6.0,,,,4.25,6.0,7.5,2.6,,5.92,,,16.25,13.0,
3.4,4.25,,,,2.5,4.0,3.5,3.6,,3.33,,,10.75,,
5.8,7.25,4.75,3.75,3.5,,,,3.6,4.0,,14.3,13.05,,,14.15
6.2,7.25,2.75,4.75,5.25,,,,4.6,4.25,,13.7,16.2,,,13.55
5.6,5.5,4.25,4.0,6.25,,,,3.4,4.83,,13.85,15.85,,,13.25
6.0,7.75,4.5,6.5,4.5,,,,3.0,5.17,,17.0,17.0,,,13.5
5.2,7.0,4.75,2.25,5.0,,,,3.0,4.0,,12.2,12.45,,,12.95
5.8,7.25,3.75,3.75,6.0,,,,3.8,4.5,,13.3,15.55,,,13.35
3.2,5.0,,,,4.5,5.0,7.0,4.0,,5.5,,,14.5,,
4.8,5.5,,,,3.5,5.0,5.0,2.0,,4.5,,,14.0,,
2.8,5.75,,,,2.25,4.25,4.5,2.4,,3.67,,,12.25,,
1.0,6.25,,,,3.0,5.5,7.0,3.0,,5.17,,,14.75,,
4.6,3.25,,,,3.25,7.25,7.75,2.2,,6.08,,,13.75,,
5.2,6.75,,,,3.0,7.25,8.0,2.6,,6.08,,,17.0,,
5.0,6.5,4.25,4.0,7.0,,,,3.8,5.08,,13.25,16.0,,,13.05
3.2,4.75,,,,2.5,4.0,7.25,3.2,,4.58,,,11.25,,
3.8,5.0,,,,4.25,6.5,8.25,3.4,,6.33,,,15.75,,
2.6,5.25,,,,4.75,4.5,7.5,3.6,,5.58,,,14.5,,
4.2,6.5,,,,3.5,5.75,8.25,2.6,,5.83,,,15.75,,
5.0,6.0,,,,4.0,5.5,7.75,2.0,,5.75,,,15.5,13.0,
3.8,6.5,,,,1.5,6.0,9.0,2.4,,5.5,,,14.0,,
5.2,7.25,,,,5.0,6.0,8.75,4.6,,6.58,,,18.25,,
5.4,7.25,,,,4.5,6.5,8.5,3.0,,6.5,,,18.25,,
4.6,5.25,,,,3.5,5.75,7.5,3.6,,5.58,,,14.5,,
3.4,5.5,,,,4.75,5.75,8.75,3.0,,6.42,,,16.0,,
3.6,3.5,,,,2.75,3.5,4.75,1.2,,3.67,,,9.75,,
3.8,3.5,,,,3.5,6.0,7.25,4.4,,5.58,,,13.0,,
3.4,5.75,,,,3.75,6.5,7.25,1.0,,5.83,,,16.0,,
5.0,7.75,,,,8.25,8.75,9.0,4.4,,8.67,,,24.75,,
4.2,8.0,,,,3.5,6.0,8.25,2.8,,5.92,,,17.5,15.0,
3.2,6.0,,,,3.25,6.5,8.0,2.4,,5.92,,,15.75,,
4.2,5.0,,,,3.25,4.75,6.75,3.4,,4.92,,,13.0,,
4.2,6.75,,,,3.75,4.5,8.75,3.6,,5.67,,,15.0,,
3.4,5.5,,,,3.5,5.5,7.0,3.2,,5.33,,,14.5,,
3.0,3.25,,,,3.75,3.75,5.5,3.4,,4.33,,,10.75,,
4.0,6.75,,,,4.75,6.75,8.75,3.0,,6.75,,,18.25,,
4.0,5.25,,,,4.25,6.5,7.5,2.8,,6.08,,,16.0,,
5.2,5.0,,,,3.0,6.25,7.75,2.0,,5.67,,,14.25,,
5.2,5.0,,,,3.5,5.5,6.75,3.6,,5.25,,,14.0,,
6.2,8.0,,,,5.75,7.75,9.25,3.4,,7.58,,,21.5,,
3.2,5.25,,,,3.75,4.75,6.5,2.4,,5.0,,,13.75,,
3.8,5.25,,,,5.75,6.5,8.0,2.4,,6.75,,,17.5,,
3.4,3.75,,,,2.5,5.0,5.25,3.4,,4.25,,,11.25,,
2.8,6.25,,,,3.75,5.25,7.75,4.0,,5.58,,,15.25,,
7.4,4.5,2.25,4.0,6.5,,,,4.8,4.25,,13.65,17.9,,,14.45
4.6,6.0,,,,2.75,6.0,7.0,2.0,,5.25,,,14.75,,
3.8,5.75,,,,4.5,5.0,7.0,2.2,,5.5,,,15.25,,
5.6,1.75,4.75,3.5,5.25,,,,4.2,4.5,,13.85,14.35,,,14.55
3.4,6.75,,,,3.75,4.0,6.25,2.6,,4.67,,,14.5,,
4.6,5.0,,,,3.0,5.75,8.25,2.4,,5.67,,,13.75,12.0,
6.2,5.25,5.5,7.25,5.75,,,,2.6,6.17,,18.95,19.2,,,14.3
4.2,7.0,,,,6.25,7.5,8.25,3.4,,7.33,,,20.75,,
3.8,5.5,,,,2.0,5.0,7.5,2.6,,4.83,,,12.5,,
4.0,6.75,,,,3.0,7.0,8.25,2.2,,6.08,,,16.75,,
3.8,5.75,,,,4.75,5.5,8.25,3.6,,6.17,,,16.0,,
4.2,8.0,,,,5.5,7.75,9.5,5.0,,7.58,,,21.25,,
4.0,4.0,,,,4.0,6.25,7.5,2.8,,5.92,,,14.25,,
3.8,4.25,,,,4.25,5.5,9.0,3.0,,6.25,,,14.0,,
3.0,5.75,,,,5.5,6.5,8.25,2.6,,6.75,,,17.75,,
3.6,4.5,,,,4.0,5.0,6.75,2.8,,5.25,,,13.5,,
3.6,4.0,,,,4.5,6.5,9.25,3.8,,6.75,,,15.0,,
4.2,5.5,,,,4.0,5.25,8.0,2.8,,5.75,,,14.75,,
5.2,6.5,,,,3.0,6.0,8.25,2.2,,5.75,,,15.5,,
5.2,7.5,,,,4.75,6.25,8.75,3.2,,6.58,,,18.5,,
4.4,6.5,,,,3.75,6.0,8.5,2.2,,6.08,,,16.25,,
2.4,3.5,,,,3.0,3.0,5.5,2.8,,3.83,,,9.5,,
5.0,7.25,,,,3.75,7.5,9.5,3.6,,6.92,,,18.5,,
4.0,6.0,,,,3.0,6.5,7.75,3.2,,5.75,,,15.5,,
2.6,4.75,,,,3.25,6.25,6.5,3.4,,5.33,,,14.25,,
4.6,7.5,,,,3.75,6.25,7.75,2.0,,5.92,,,17.5,,
5.0,5.75,,,,5.25,5.0,7.5,3.8,,5.92,,,16.0,,
3.6,5.75,,,,3.0,5.0,6.0,3.0,,4.67,,,13.75,,
4.0,7.25,,,,4.5,5.5,9.0,2.8,,6.33,,,17.25,,
2.6,5.75,,,,3.0,4.5,5.75,1.8,,4.42,,,13.25,,
6.0,2.0,4.5,5.25,3.25,,,,2.8,4.33,,15.75,14.5,,,13.3
3.0,6.25,,,,3.5,4.0,6.5,3.6,,4.67,,,13.75,,
3.6,4.5,,,,2.75,5.75,5.25,3.4,,4.58,,,13.0,,
3.0,3.0,,,,3.0,3.75,5.25,3.4,,4.0,,,9.75,,
3.4,6.0,,,,1.75,5.25,6.5,3.8,,4.5,,,13.0,,
7.0,4.5,7.25,5.75,3.5,,,,2.2,5.5,,20.0,16.25,,,16.45
3.8,5.25,,,,5.75,7.25,7.5,3.8,,6.83,,,18.25,,
3.4,6.75,,,,6.5,6.25,7.25,4.0,,6.67,,,19.5,,
3.2,6.75,,,,4.25,4.75,7.5,3.4,,5.5,,,15.75,,
3.2,6.75,,,,4.5,5.25,5.5,1.8,,5.08,,,16.5,,
5.8,8.25,,,,5.0,8.0,8.25,5.2,,7.08,,,21.25,,
5.0,6.0,3.25,4.75,5.5,,,,2.8,4.5,,13.0,15.25,,,11.05
4.8,8.0,,,,3.75,6.75,8.0,3.2,,6.17,,,18.5,16.0,
3.2,4.0,,,,3.0,4.75,6.25,3.0,,4.67,,,11.75,,
6.6,5.25,4.0,6.0,6.5,,,,2.6,5.5,,16.6,19.1,,,13.2
5.4,4.0,3.75,4.75,5.25,,,,2.8,4.58,,13.9,15.4,,,11.95
2.4,5.75,3.0,4.75,4.5,,,,2.8,4.08,,10.15,11.65,,,8.2
7.2,8.25,4.0,4.0,5.25,,,,4.4,4.42,,15.2,16.45,,,15.6
5.4,4.25,3.25,1.5,3.25,,,,2.0,2.67,,10.15,10.15,,,10.65
4.8,7.25,,,,3.75,5.75,8.0,3.0,,5.83,,,16.75,,
4.6,6.0,,,,4.25,5.25,7.75,2.8,,5.75,,,15.5,,
1.8,5.5,,,,4.0,5.5,7.0,1.8,,5.5,,,15.0,,
2.4,4.5,,,,2.75,4.5,5.5,2.4,,4.25,,,11.75,,
5.2,5.5,,,,3.5,6.75,8.0,2.2,,6.08,,,15.75,,
3.6,6.5,,,,2.75,7.0,7.75,2.6,,5.83,,,16.25,,
3.2,6.5,,,,3.0,6.0,6.75,3.0,,5.25,,,15.5,,
4.4,7.5,,,,3.75,6.75,6.0,4.0,,5.5,,,18.0,,
3.6,6.75,,,,5.0,5.0,2.75,2.8,,4.25,,,16.75,,
4.8,6.0,,,,5.0,5.75,6.0,3.6,,5.58,,,16.75,,
5.4,3.5,3.25,2.5,4.25,,,,2.6,3.33,,11.15,12.15,,,11.25
4.6,6.5,,,,3.5,6.75,8.0,3.4,,6.08,,,16.75,,
3.4,5.25,,,,2.0,4.5,7.0,3.2,,4.5,,,11.75,,
4.4,7.25,,,,3.25,4.25,6.25,3.4,,4.58,,,14.75,,
5.8,5.5,,,,6.0,7.5,8.25,2.0,,7.25,,,19.0,,
2.6,6.25,,,,3.5,4.75,7.0,2.6,,5.08,,,14.5,,
3.0,3.5,,,,2.0,4.25,7.25,2.6,,4.5,,,9.75,,
5.2,6.5,4.0,4.5,4.0,,,,4.8,4.17,,13.7,13.7,,,14.0
3.8,2.0,,,,3.5,4.0,7.75,3.0,,5.08,,,9.5,,
2.6,5.5,,,,4.25,6.25,6.25,3.4,,5.58,,,16.0,,
3.8,4.0,,,,6.5,6.25,6.75,2.8,,6.5,,,16.75,,
4.0,7.25,,,,4.25,7.25,8.0,5.6,,6.5,,,18.75,,
4.2,3.25,3.0,3.0,3.25,,,,3.2,3.08,,10.2,10.45,,,10.4
1.8,7.0,,,,3.0,3.5,6.0,2.6,,4.17,,,13.5,,
4.2,6.25,,,,4.0,8.5,8.75,3.0,,7.08,,,18.75,,
4.0,7.25,,,,4.25,6.75,8.0,3.8,,6.33,,,18.25,,
6.0,6.75,6.5,3.25,4.25,,,,4.2,4.67,,15.75,13.5,,,16.7
2.6,3.75,,,,3.5,3.0,7.0,3.0,,4.5,,,10.25,,
2.6,5.5,,,,4.75,6.0,7.75,2.8,,6.17,,,16.25,,
5.2,8.0,,,,5.0,6.25,8.75,2.0,,6.67,,,19.25,,
4.4,7.25,,,,4.75,5.0,8.0,3.8,,5.92,,,17.0,,
5.2,7.5,,,,4.0,5.25,8.0,4.8,,5.75,,,16.75,,
2.4,6.0,,,,3.25,5.0,7.0,2.4,,5.08,,,14.25,,
3.2,6.25,,,,4.0,4.75,7.25,1.6,,5.33,,,15.0,,
2.6,4.5,,,,2.0,3.75,5.0,2.0,,3.58,,,10.25,,
4.8,8.0,,,,4.75,5.5,6.0,3.8,,5.42,,,18.25,,
3.2,6.75,,,,3.5,5.75,8.25,2.6,,5.83,,,16.0,,
2.0,6.5,,,,3.75,4.75,6.5,2.4,,5.0,,,15.0,,
3.2,5.75,,,,2.75,4.75,6.25,1.8,,4.58,,,13.25,,
5.4,6.25,,,,3.75,7.75,8.0,6.0,,6.5,,,17.75,,
3.0,6.75,,,,3.25,3.5,6.0,2.6,,4.25,,,13.5,,
6.2,6.5,,,,3.5,6.5,7.5,3.2,,5.83,,,16.5,,
2.8,6.75,,,,3.75,6.5,8.0,5.0,,6.08,,,17.0,,
2.0,5.75,,,,3.5,7.25,8.5,2.0,,6.42,,,16.5,,
4.2,6.25,,,,3.5,4.75,7.75,2.0,,5.33,,,14.5,,
2.4,5.25,,,,3.25,4.0,5.0,2.8,,4.08,,,12.5,,
5.0,6.5,,,,4.75,6.25,8.5,3.6,,6.5,,,17.5,,
3.2,4.0,,,,3.75,4.75,8.5,1.2,,5.67,,,12.5,,
4.2,7.0,,,,4.5,6.25,7.25,1.4,,6.0,,,17.75,,
3.0,6.25,,,,3.5,5.25,7.25,3.4,,5.33,,,15.0,,
3.0,3.0,,,,3.0,3.25,6.25,2.0,,4.17,,,9.25,8.0,
5.0,7.5,,,,7.0,6.75,8.75,4.8,,7.5,,,21.25,,
2.8,5.0,,,,2.25,4.0,5.75,2.6,,4.0,,,11.25,,
2.4,7.5,,,,3.75,3.75,7.25,2.6,,4.92,,,15.0,,
3.4,7.5,,,,3.25,4.75,6.5,2.2,,4.83,,,15.5,,
4.0,5.5,,,,4.25,6.0,9.25,2.2,,6.5,,,15.75,,
2.2,5.0,,,,5.0,7.0,7.25,3.2,,6.42,,,17.0,,
4.4,7.0,,,,5.75,8.0,7.25,4.0,,7.0,,,20.75,,
3.0,4.0,,,,2.75,5.0,4.75,3.0,,4.17,,,11.75,10.0,
3.2,7.0,,,,4.75,5.5,7.5,1.8,,5.92,,,17.25,12.0,
3.6,5.75,,,,3.0,5.25,6.5,3.0,,4.92,,,14.0,,
4.0,6.25,,,,4.75,6.0,7.25,3.0,,6.0,,,17.0,,
5.0,7.25,,,,4.75,6.5,9.0,3.0,,6.75,,,18.5,,
2.8,5.25,,,,2.25,5.0,6.25,2.2,,4.5,,,12.5,,
3.8,6.5,,,,2.75,5.25,6.0,2.8,,4.67,,,14.5,,
2.4,3.0,,,,6.25,6.0,,,,,,,15.25,,
2.4,3.75,,,,3.75,4.75,,,,,,,12.25,,
,8.25,,,,7.25,9.0,,,,,,,24.5,,
,7.75,,,,7.75,7.25,,,,,,,22.75,,
5.2,,5.25,4.75,,,,,,,,15.2,,,,
5.8,7.25,,,,3.75,6.75,8.75,5.8,,6.42,,,17.75,,
4.8,7.0,,,,5.25,8.25,6.5,2.0,,6.67,,,20.5,,
3.6,6.25,,,,3.5,5.75,7.5,3.0,,5.58,,,15.5,,
5.2,7.25,,,,4.75,4.75,7.75,2.0,,5.75,,,16.75,,
1.6,3.5,,,,3.5,5.0,6.75,2.8,,5.08,,,12.0,,
2.2,7.0,,,,3.5,4.75,6.5,3.4,,4.92,,,15.25,,
4.0,5.25,,,,3.5,4.0,7.0,2.2,,4.83,,,12.75,,
2.4,4.25,,,,4.0,4.5,6.25,2.2,,4.92,,,12.75,,
2.4,4.75,,,,2.0,5.75,6.5,3.0,,4.75,,,12.5,,
5.6,5.25,7.25,7.25,5.0,,,,4.0,6.5,,20.1,17.85,,,16.85
4.6,7.0,6.0,4.25,3.0,,,,6.8,4.42,,14.85,11.85,,,17.4
5.6,7.0,6.25,6.0,5.75,,,,3.8,6.0,,17.85,17.35,,,15.65
5.4,3.25,6.0,3.5,3.5,,,,3.2,4.33,,14.9,12.4,,,14.6
4.6,6.0,3.25,3.75,4.5,,,,3.0,3.83,,11.6,12.85,,,10.85
6.2,6.25,5.25,6.25,7.25,,,,5.8,6.25,,17.7,19.7,,,17.25
3.4,5.25,3.0,3.75,5.5,,,,2.8,4.08,,10.15,12.65,,,9.2
6.2,4.0,6.5,5.5,5.0,,,,7.4,5.67,,18.2,16.7,,,20.1
5.0,6.25,,,,4.5,6.25,8.0,3.4,,6.25,,,17.0,,
4.6,8.0,,,,4.25,6.25,8.0,2.6,,6.17,,,18.5,,
3.0,6.0,,,,2.5,6.0,5.75,3.0,,4.75,,,14.5,12.0,
2.8,5.5,,,,2.5,3.0,6.0,2.4,,3.83,,,11.0,,
3.8,3.0,,,,3.25,6.5,6.5,2.2,,5.42,,,12.75,9.0,
2.4,7.25,,,,2.25,6.5,7.75,3.4,,5.5,,,16.0,,
4.2,6.0,,,,4.25,6.0,7.75,3.2,,6.0,,,16.25,,
5.4,5.25,,,,4.75,7.75,9.25,3.4,,7.25,,,17.75,,
3.4,6.5,,,,3.25,7.0,7.25,2.8,,5.83,,,16.75,,
4.6,7.5,,,,4.5,8.5,8.0,2.6,,7.0,,,20.5,,
3.8,7.5,,,,4.0,5.5,8.5,3.2,,6.0,,,17.0,,
2.4,6.0,,,,3.5,5.0,5.5,2.8,,4.67,,,14.5,,
4.4,5.5,,,,4.0,6.75,8.0,2.8,,6.25,,,16.25,,
3.2,7.25,,,,4.0,6.5,8.5,2.6,,6.33,,,17.75,,
3.4,6.75,,,,3.0,7.0,8.75,1.8,,6.25,,,16.75,,
4.2,4.0,,,,3.75,6.0,8.5,2.2,,6.08,,,13.75,,
3.0,5.0,,,,2.25,4.5,6.0,2.8,,4.25,,,11.75,,
3.8,5.5,,,,3.0,6.25,8.25,2.8,,5.83,,,14.75,,
4.4,4.5,,,,4.5,6.75,8.25,1.6,,6.5,,,15.75,,
5.0,7.5,,,,7.0,8.75,8.25,3.2,,8.0,,,23.25,,
4.4,6.75,,,,5.25,6.25,5.75,2.4,,5.75,,,18.25,,
2.8,5.75,,,,1.5,4.75,6.25,2.0,,4.17,,,12.0,,
2.8,5.0,,,,2.5,5.25,4.25,2.8,,4.0,,,12.75,,
3.0,8.0,,,,4.25,7.0,8.25,4.8,,6.5,,,19.25,,
4.4,6.0,,,,4.75,6.5,8.5,2.8,,6.58,,,17.25,,
3.8,6.75,,,,6.5,6.25,8.0,3.0,,6.92,,,19.5,,
4.2,6.75,,,,4.25,6.25,7.0,2.6,,5.83,,,17.25,,
4.4,6.0,,,,3.0,7.25,7.75,3.2,,6.0,,,16.25,,
3.4,8.25,,,,5.0,6.75,8.5,3.6,,6.75,,,20.0,,
2.8,2.0,,,,3.0,3.5,4.5,2.6,,3.67,,,8.5,,
3.2,6.0,,,,3.75,5.5,7.0,2.0,,5.42,,,15.25,,
3.0,5.25,,,,2.75,6.0,8.25,0.6,,5.67,,,14.0,,
6.2,5.75,,,,6.0,6.75,7.75,3.8,,6.83,,,18.5,,
3.4,6.75,,,,5.5,5.75,9.0,3.6,,6.75,,,18.0,,
3.2,3.25,,,,3.25,4.5,,,,,,,11.0,,
,7.25,,,,7.5,7.5,,,,,,,22.25,,
4.0,4.5,,,,4.25,5.75,7.75,3.4,,5.92,,,14.5,,
2.8,7.75,,,,3.5,5.5,8.5,3.4,,5.83,,,16.75,,
2.4,6.5,,,,3.5,5.5,7.0,3.8,,5.33,,,15.5,,
2.4,1.75,,,,3.0,4.25,5.0,3.6,,4.08,,,9.0,,
4.4,7.75,,,,5.5,7.0,9.0,4.2,,7.17,,,20.25,,
3.8,2.75,,,,2.25,4.25,5.75,1.2,,4.08,,,9.25,,
3.8,6.75,,,,4.25,5.0,7.75,2.2,,5.67,,,16.0,,
3.2,6.0,,,,3.5,3.25,5.0,2.2,,3.92,,,12.75,,
3.4,4.75,,,,3.75,5.0,4.25,2.8,,4.33,,,13.5,,
2.4,5.0,,,,4.5,6.0,7.0,1.8,,5.83,,,15.5,,
4.0,4.5,,,,2.75,6.25,5.25,3.6,,4.75,,,13.5,,
3.4,8.5,,,,4.5,6.25,8.25,3.4,,6.33,,,19.25,,
3.2,5.5,,,,3.25,5.25,7.0,2.4,,5.17,,,14.0,,
2.4,5.0,,,,2.75,5.5,7.0,2.6,,5.08,,,13.25,10.0,
1.8,4.0,,,,3.25,5.0,6.0,2.4,,4.75,,,12.25,,
2.4,4.0,,,,3.0,5.5,6.5,2.6,,5.0,,,12.5,9.0,
3.4,6.5,,,,4.0,3.0,6.0,3.6,,4.33,,,13.5,,
2.6,3.5,,,,4.0,4.0,4.75,2.0,,4.25,,,11.5,,
2.4,7.0,,,,4.25,5.5,7.0,3.0,,5.58,,,16.75,,
3.2,5.5,,,,5.0,5.25,7.25,1.6,,5.83,,,15.75,,
1.8,3.75,,,,4.0,4.25,6.75,2.4,,5.0,,,12.0,,
3.2,2.5,,,,3.75,4.0,5.5,2.6,,4.42,,,10.25,,
5.2,8.0,,,,6.25,8.5,8.75,5.0,,7.83,,,22.75,,
4.4,7.5,,,,4.75,6.75,6.5,3.2,,6.0,,,19.0,,
2.8,4.75,,,,4.75,6.25,7.75,3.0,,6.25,,,15.75,,
1.8,6.0,,,,5.25,4.5,7.5,3.4,,5.75,,,15.75,,
5.0,7.0,,,,4.5,6.25,6.5,2.8,,5.75,,,17.75,,
3.6,6.75,,,,2.5,5.75,6.5,2.8,,4.92,,,15.0,,
5.4,7.0,3.25,4.75,6.25,,,,3.6,4.75,,13.4,16.4,,16.0,12.25
2.4,5.25,,,,4.0,5.0,5.75,3.0,,4.92,,,14.25,,
2.8,5.5,,,,2.75,4.25,6.75,2.4,,4.58,,,12.5,,
5.4,5.5,,,,2.0,5.0,7.0,4.2,,4.67,,,12.5,,
3.0,2.75,,,,2.0,4.25,5.5,3.2,,3.92,,,9.0,,
2.6,4.75,,,,4.25,4.75,,2.8,,,,,13.75,,
1.8,3.0,,,,3.0,4.75,,,,,,,10.75,,
2.8,5.0,,,,2.25,3.25,4.75,2.2,,3.42,,,10.5,10.0,
5.6,5.75,,,,3.0,6.0,,,,,,,14.75,,
2.4,2.75,,,,2.0,4.5,,,,,,,9.25,,
3.0,2.5,,,,2.75,4.25,,,,,,,9.5,,
3.8,7.5,,,,6.75,,,,,,,,,,
,3.0,,,,2.5,5.5,,,,,,,11.0,,
4.2,2.5,,,,3.0,6.25,,,,,,,11.75,,
2.2,4.0,,,,2.5,5.0,,,,,,,11.5,,
3.4,3.25,,,,3.0,5.5,,,,,,,11.75,,
3.8,5.0,,,,2.75,5.0,,,,,,,12.75,,
,4.5,,,,3.75,4.25,,,,,,,12.5,,
2.8,5.25,,,,3.25,4.5,,,,,,,13.0,,
2.4,4.5,,,,2.5,3.75,,,,,,,10.75,,
2.4,2.0,,,,4.0,5.25,,,,,,,11.25,,
,6.25,,,,6.5,5.5,,,,,,,18.25,,
3.2,6.25,,,,3.5,3.25,7.25,3.0,,4.67,,,13.0,,
3.0,6.25,,,,4.25,5.5,8.25,2.0,,6.0,,,16.0,,
2.2,6.75,,,,3.25,4.0,6.75,1.8,,4.67,,,14.0,,
3.2,4.5,,,,3.0,3.75,5.75,2.4,,4.17,,,11.25,,
3.8,4.75,,,,,8.0,,,,,,,,,
3.4,6.0,,,,3.25,5.25,7.0,3.8,,5.17,,,14.5,,
2.6,5.0,,,,3.5,6.5,5.0,3.0,,5.0,,,15.0,,
3.4,3.5,,,,3.5,7.0,6.25,3.4,,5.58,,,14.0,,
2.8,6.75,,,,4.5,5.0,7.0,3.4,,5.5,,,16.25,,
2.0,6.5,,,,4.0,6.0,6.5,2.6,,5.5,,,16.5,,
3.8,8.0,,,,3.0,6.0,7.25,2.2,,5.42,,,17.0,14.0,
5.2,6.5,4.5,6.5,5.5,,,,3.4,5.5,,16.2,17.2,,,13.1
2.2,5.25,,,,2.75,5.5,7.0,2.6,,5.08,,,13.5,,
2.4,6.75,,,,3.25,5.75,7.0,1.4,,5.33,,,15.75,,
5.8,8.0,6.75,5.0,6.0,,,,4.6,5.92,,17.55,16.8,,,17.15
5.2,6.75,3.75,5.25,5.0,,,,3.0,4.67,,14.2,15.45,,,11.95
1.6,4.25,,,,2.75,4.5,4.5,2.6,,3.92,,,11.5,,
4.6,7.75,,,,5.0,6.25,8.0,4.2,,6.42,,,19.0,,
2.0,2.5,,,,4.0,6.5,7.5,3.2,,6.0,,,13.0,,
4.4,7.0,,,,7.0,9.0,8.75,4.4,,8.25,,,23.0,,
3.4,6.5,,,,3.5,6.5,7.0,4.0,,5.67,,,16.5,,
3.8,4.75,,,,2.5,3.75,7.0,3.2,,4.42,,,11.0,,
3.4,7.0,,,,3.0,5.25,6.75,3.0,,5.0,,,15.25,,
2.8,6.0,,,,3.5,5.0,7.25,1.8,,5.25,,,14.5,,
4.2,5.75,,,,4.0,5.75,7.5,,,5.75,,,15.5,,
5.6,4.0,,,,4.75,6.5,7.25,5.2,,6.17,,,15.25,,
5.0,7.5,,,,2.75,5.25,7.25,3.8,,5.08,,,15.5,,
2.4,7.75,,,,2.75,4.5,5.5,3.6,,4.25,,,15.0,,
3.8,4.25,,,,4.25,5.25,6.75,2.2,,5.42,,,13.75,,
4.6,7.75,,,,4.75,6.75,6.25,2.6,,5.92,,,19.25,,
4.4,6.5,,,,3.75,4.75,6.75,1.8,,5.08,,,15.0,,
3.0,6.0,,,,2.5,6.0,8.0,3.6,,5.5,,,14.5,,
2.4,3.5,,,,3.5,5.0,6.5,2.6,,5.0,,,12.0,,
1.8,6.75,,,,3.0,5.25,7.0,3.0,,5.08,,,15.0,,
1.6,5.75,,,,3.25,3.75,6.0,2.8,,4.33,,,12.75,,
4.6,7.75,,,,6.75,7.25,9.0,2.4,,7.67,,,21.75,,
5.0,3.75,4.0,3.25,4.0,,,,2.6,3.75,,12.25,12.25,,,11.6
3.6,3.25,,,,4.25,5.5,7.5,2.2,,5.75,,,13.0,,
3.2,6.75,,,,3.25,5.25,7.0,3.0,,5.17,,,15.25,,
5.0,6.75,,,,6.0,,,,,,,,,,
4.4,5.25,,,,2.75,3.5,,,,,,,11.5,,
3.2,5.5,,,,3.0,5.25,,,,,,,13.75,,
2.0,2.5,,,,3.5,4.75,,,,,,,10.75,,
3.6,5.0,,,,4.0,4.5,,,,,,,13.5,,
3.0,4.5,,,,3.0,4.75,,,,,,,12.25,,
5.4,3.25,,,,2.25,6.25,,,,,,,11.75,,
4.6,7.0,,,,5.0,5.5,,,,,,,17.5,,
3.0,2.0,,,,3.5,3.25,,,,,,,8.75,,
3.2,4.5,,,,3.5,4.0,,,,,,,12.0,,
2.6,3.5,,,,2.5,4.0,,,,,,,10.0,,
2.8,3.5,,,,3.75,4.75,,,,,,,12.0,,
,7.0,,,,6.75,8.75,,,,,,,22.5,,
3.0,3.5,,,,4.0,4.5,,,,,,,12.0,,
4.0,3.5,,,,2.5,5.75,6.75,2.6,,5.0,,,11.75,,
5.8,8.5,,,,4.0,3.25,6.0,4.6,,4.42,,,15.75,,
4.2,5.5,,,,4.25,5.25,7.25,3.4,,5.58,,,15.0,,
5.8,7.25,,,,5.5,6.5,7.75,4.0,,6.58,,,19.25,,
5.8,8.5,,,,4.75,5.5,7.5,4.8,,5.92,,,18.75,,
5.2,8.25,6.5,4.5,6.75,,,,5.0,5.92,,16.2,16.45,,,16.7
8.2,7.0,7.0,6.5,4.25,,,,2.2,5.92,,21.7,18.95,,,17.4
6.6,6.5,6.0,4.5,6.25,,,,7.4,5.58,,17.1,17.35,,,20.0
5.2,7.25,,,,7.75,2.75,,,,,,,17.75,,
8.4,5.0,6.0,8.0,3.5,,,,4.6,5.83,,22.4,19.9,,18.0,19.0
4.6,4.75,3.0,4.25,4.5,,,,3.8,3.92,,11.85,13.35,,,11.4
9.4,8.5,,,,,,,9.4,,,,,,,
6.4,8.5,,,,8.0,3.25,,,,,,,19.75,,
7.4,7.0,,,,8.0,2.5,,,,,,,17.5,,
5.6,8.0,,,,7.25,2.75,,,,,,,18.0,,
5.4,7.25,,,,5.25,2.75,,,,,,,15.25,,
3.0,8.5,,,,8.0,9.0,7.25,4.6,,8.08,,,25.5,,
3.2,7.5,,,,3.5,3.75,,,,,,,14.75,,
2.6,4.25,,,,3.75,,,,,,,,,,
5.2,6.75,6.25,4.25,4.5,,,,4.4,5.0,,15.7,13.95,,,15.85
3.4,3.25,,,,4.0,2.75,7.0,2.4,,4.58,,,10.0,,
5.2,5.5,,,,5.5,4.25,8.25,6.4,,6.0,,,15.25,,
3.6,4.0,,,,2.75,4.25,6.25,3.6,,4.42,,,11.0,,
3.2,3.5,,,,5.25,6.0,,,,,,,14.75,,
6.2,8.0,6.0,5.0,5.25,,,,6.2,5.42,,17.2,16.45,,,18.4
4.0,4.5,,,,4.0,5.0,7.5,3.4,,5.5,,,13.5,,
2.4,4.5,,,,3.75,5.75,,,,,,,14.0,,
2.2,6.25,,,,4.0,6.0,5.75,2.6,,5.25,,,16.25,,
4.0,6.75,,,,7.25,3.25,,,,,,,17.25,,
7.8,4.5,7.75,4.75,4.0,,,,8.6,5.5,,20.3,16.55,,,24.15
3.8,7.75,,,,6.25,,,,,,,,,,
3.0,5.0,,,,3.75,,,,,,,,,,
6.0,2.5,2.75,4.25,4.25,,,,5.6,3.75,,13.0,14.5,,,14.35
3.0,6.5,,,,3.5,,,,,,,,,,
7.2,5.0,6.75,4.5,4.75,,,,6.6,5.33,,18.45,16.45,,,20.55
6.6,,,8.0,8.0,,,,,,,,22.6,,,
2.6,4.0,,,,2.75,5.25,5.75,3.4,,4.58,,,12.0,10.0,
2.8,,,3.75,3.25,,,,,,,,9.8,,,
3.8,7.0,,,,4.5,6.0,6.75,3.4,,5.75,,,17.5,,
3.6,3.0,,,,2.75,5.5,,,,,,,11.25,,
3.4,3.25,,,,3.0,6.0,,,,,,,12.25,,
4.6,6.75,,,,3.25,5.0,5.5,3.8,,4.58,,,15.0,,
5.0,7.0,,,,4.5,5.75,6.75,4.2,,5.67,,,17.25,,
4.4,4.5,,,,5.5,5.0,8.5,3.0,,6.33,,,15.0,,
4.6,2.5,,,,4.5,6.0,8.75,2.6,,6.42,,,13.0,,
3.2,6.5,,,,1.75,6.5,7.0,2.4,,5.08,,,14.75,,
2.6,3.5,,,,1.75,4.0,2.75,2.4,,2.83,,,9.25,,
4.6,6.0,,,,5.25,6.75,6.5,3.8,,6.17,,,18.0,,
5.0,4.5,,,,1.75,4.75,6.75,3.4,,4.42,,,11.0,,
5.2,4.5,,,,4.0,5.75,7.0,3.4,,5.58,,,14.25,,
4.0,5.0,,,,4.5,6.0,7.25,2.8,,5.92,,,15.5,,
2.6,5.25,,,,2.5,3.5,4.25,2.6,,3.42,,,11.25,,
4.6,6.25,,,,3.25,6.25,6.5,3.2,,5.33,,,15.75,,
3.6,3.75,,,,2.75,4.75,5.25,2.4,,4.25,,,11.25,,
4.2,5.5,,,,3.25,6.25,6.0,2.8,,5.17,,,15.0,,
3.6,4.25,,,,3.25,6.75,8.0,1.4,,6.0,,,14.25,,
4.0,5.25,3.5,5.0,4.25,,,,3.2,4.25,,12.5,13.25,,,10.7
4.0,5.25,,,,2.75,5.75,7.75,3.8,,5.42,,,13.75,,
6.4,6.25,6.25,6.5,3.75,,,,2.6,5.5,,19.15,16.65,,,15.25
3.8,7.0,,,,3.0,6.0,6.5,2.6,,5.17,,,16.0,,
3.8,7.25,,,,5.75,,,,,,,,,,
2.8,1.0,,,,1.75,3.0,,,,,,,5.75,,
4.6,3.75,,,,4.25,5.75,,,,,,,13.75,,
6.0,,,6.0,7.5,,,,,,,,19.5,,,
5.2,7.25,,,,3.25,6.75,7.25,4.4,,5.75,,,17.25,,
2.2,4.0,,,,4.0,5.75,,,,,,,13.75,,
3.8,4.5,,,,4.0,5.25,,,,,,,13.75,,
3.6,6.5,,,,5.5,4.75,8.5,3.4,,6.25,,,16.75,,
4.0,6.0,,,,5.0,6.75,8.25,2.6,,6.67,,,17.75,,
3.0,4.5,,,,2.5,4.25,5.75,2.2,,4.17,,,11.25,,
4.2,5.5,,,,3.25,4.5,8.5,3.0,,5.42,,,13.25,,
4.2,5.5,,,,4.5,5.25,7.25,2.8,,5.67,,,15.25,,
6.2,7.25,2.5,6.75,6.0,,,,3.0,5.08,,15.45,18.95,,,11.7
4.8,5.75,,,,3.5,6.5,6.75,2.0,,5.58,,,15.75,,
5.4,8.25,,,,7.75,8.0,,,,,,,24.0,,
4.2,5.0,,,,3.75,4.0,7.25,2.4,,5.0,,,12.75,,
,6.75,,,,7.75,6.75,,,,,,,21.25,,
3.4,8.0,,,,5.75,6.75,8.25,2.8,,6.92,,,20.5,,
2.2,6.5,,,,4.25,4.25,6.5,3.2,,5.0,,,15.0,,
2.8,5.0,,,,3.75,3.0,4.75,2.2,,3.83,,,11.75,10.0,
3.2,4.75,,,,5.0,5.5,8.0,1.8,,6.17,,,15.25,,
3.2,5.0,,,,1.5,3.75,6.25,1.8,,3.83,,,10.25,10.0,
3.2,5.0,,,,3.75,6.0,7.5,3.2,,5.75,,,14.75,,
2.6,3.0,,,,2.25,4.0,,,,,,,9.25,,
4.0,5.5,,,,2.75,6.0,7.0,2.8,,5.25,,,14.25,,
4.0,7.0,,,,4.25,6.75,8.75,3.4,,6.58,,,18.0,,
2.8,5.75,,,,3.75,4.25,6.25,2.0,,4.75,,,13.75,,
2.2,7.0,,,,3.25,6.5,5.75,2.6,,5.17,,,16.75,,
4.8,7.75,,,,5.25,6.25,7.75,3.4,,6.42,,,19.25,,
2.0,1.75,,,,3.25,4.25,,,,,,,9.25,,
3.6,5.0,,,,4.25,7.75,8.25,2.8,,6.75,,,17.0,,
3.4,4.5,,,,2.0,5.25,7.75,2.8,,5.0,,,11.75,,
3.2,6.25,,,,2.5,4.75,8.5,2.2,,5.25,,,13.5,,
4.8,6.5,,,,3.25,4.5,7.25,3.8,,5.0,,,14.25,,
3.8,7.0,,,,2.75,4.5,6.5,2.8,,4.58,,,14.25,,
5.4,6.5,,,,3.5,5.0,6.5,3.2,,5.0,,,15.0,,
4.2,4.0,,,,3.25,5.5,,,,,,,12.75,,
4.4,7.25,,,,3.75,5.25,9.0,2.0,,6.0,,,16.25,,
2.4,4.0,,,,2.75,5.25,7.75,2.0,,5.25,,,12.0,,
2.0,3.75,,,,4.5,4.25,5.0,2.0,,4.58,,,12.5,,
3.8,5.0,,,,5.0,6.25,8.0,2.4,,6.42,,,16.25,,
4.6,3.75,,,,3.75,5.5,5.5,2.4,,4.92,,,13.0,,
4.6,7.25,,,,5.0,7.0,8.0,3.0,,6.67,,,19.25,,
2.6,6.0,,,,3.0,5.5,7.0,2.0,,5.17,,,14.5,,
4.6,3.5,,,,3.25,5.5,,,,,,,12.25,,
3.0,3.25,,,,1.5,4.75,5.5,0.2,,3.92,,,9.5,,
3.6,5.0,,,,3.0,6.5,6.25,3.0,,5.25,,,14.5,,
2.6,2.5,,,,2.75,5.75,6.25,2.2,,4.92,,,11.0,,
4.4,7.0,,,,3.25,5.0,7.75,2.2,,5.33,,,15.25,,
3.6,7.75,,,,4.75,6.25,7.75,2.0,,6.25,,,18.75,,
4.6,7.0,,,,4.75,6.5,6.5,4.6,,5.92,,,18.25,,
,5.5,,,,2.0,5.0,,,,,,,12.5,,
3.0,3.0,,,,3.0,4.25,,,,,,,10.25,,
4.4,5.0,,,,2.75,7.0,7.5,2.4,,5.75,,,14.75,,
3.4,5.0,,,,3.25,4.75,6.0,4.4,,4.67,,,13.0,,
2.4,2.0,,,,2.75,6.0,6.0,2.4,,4.92,,,10.75,,
4.4,9.0,,,,7.25,5.75,8.25,4.2,,7.08,,,22.0,,
1.8,6.25,,,,4.0,5.75,6.5,3.6,,5.42,,,16.0,,
4.2,8.25,,,,4.25,6.25,8.25,4.0,,6.25,,,18.75,,
5.6,6.5,,,,4.75,5.75,8.0,6.2,,6.17,,,17.0,,
3.4,6.75,,,,2.0,5.0,7.5,3.2,,4.83,,,13.75,,
,7.5,,,,7.5,7.75,,,,,,,22.75,,
3.0,5.25,,,,2.5,5.75,6.0,3.2,,4.75,,,13.5,,
3.6,8.0,,,,6.5,6.75,8.25,2.6,,7.17,,,21.25,,
2.2,5.0,,,,3.5,6.25,6.25,2.8,,5.33,,,14.75,10.0,
2.4,2.75,,,,1.5,5.25,5.0,2.6,,3.92,,,9.5,,
3.4,4.75,,,,3.0,5.25,6.0,3.0,,4.75,,,13.0,,
3.2,4.75,,,,3.25,3.75,7.25,3.4,,4.75,,,11.75,,
3.0,3.75,3.5,2.5,4.25,,,,2.6,3.42,,9.0,9.75,,,9.1
3.6,5.0,,,,2.0,4.75,6.5,2.6,,4.42,,,11.75,,
6.2,7.5,4.5,4.0,4.5,,,,7.6,4.33,,14.7,14.7,,,18.3
3.2,7.0,,,,3.5,5.75,7.75,3.0,,5.67,,,16.25,,
4.6,7.5,,,,4.5,6.5,8.25,3.6,,6.42,,,18.5,,
3.2,3.75,,,,2.25,2.25,,,,,,,8.25,,
4.2,8.25,,,,5.25,5.75,7.5,3.8,,6.17,,,19.25,,
4.2,6.75,2.25,3.0,4.25,,,,2.4,3.17,,9.45,11.45,,,8.85
3.6,4.25,,,,3.0,4.5,7.25,3.6,,4.92,,,11.75,,
4.4,7.75,2.0,6.5,3.75,,,,3.2,4.08,,12.9,14.65,,,9.6
5.2,5.25,,,,4.0,5.5,7.0,3.0,,5.5,,,14.75,,
3.8,4.25,,,,5.0,6.5,7.0,2.6,,6.17,,,15.75,,
5.2,7.5,4.25,4.75,6.25,,,,3.2,5.08,,14.2,16.2,,,12.65
3.4,4.5,,,,2.25,4.75,4.75,1.8,,3.92,,,11.5,,
6.0,8.25,,,,5.0,8.0,6.75,3.6,,6.58,,,21.25,,
4.6,3.75,,,,3.75,6.0,9.25,3.2,,6.33,,,13.5,,
3.6,2.25,,,,4.0,3.75,6.0,2.2,,4.58,,,10.0,,
,4.0,,,,1.75,4.5,,,,,,,10.25,,
4.6,4.25,3.25,3.75,4.5,,,,4.8,3.83,,11.6,12.85,,,12.65
3.6,5.25,,,,3.5,4.0,6.5,3.4,,4.67,,,12.75,,
4.4,4.5,,,,3.25,6.5,8.75,2.4,,6.17,,,14.25,,
4.0,5.75,,,,3.75,4.25,5.5,3.2,,4.5,,,13.75,,
3.2,5.25,,,,3.0,6.25,6.5,3.6,,5.25,,,14.5,,
3.2,4.5,,,,3.75,5.25,5.75,2.8,,4.92,,,13.5,,
4.8,6.5,3.0,2.0,4.5,3.75,6.0,8.0,3.0,3.17,5.92,9.8,11.3,16.25,,10.8
3.6,3.5,,,,3.0,4.5,6.5,1.8,,4.67,,,11.0,,
3.6,6.5,,,,2.5,3.75,5.25,3.6,,3.83,,,12.75,,
1.6,5.0,,,,5.0,6.0,8.0,4.4,,6.33,,,16.0,11.0,
3.4,7.25,,,,3.5,8.5,6.75,3.6,,6.25,,,19.25,,
3.0,5.25,,,,4.0,4.5,6.75,3.0,,5.08,,,13.75,,
6.2,,5.25,,,,,,4.8,,,,,,,16.25
2.0,4.75,,,,2.0,4.0,4.25,1.6,,3.42,,,10.75,,
5.8,3.75,5.5,4.25,4.25,,,,5.2,4.67,,15.55,14.3,,,16.5
4.6,6.25,,,,4.75,5.75,5.75,2.8,,5.42,,,16.75,,
3.4,6.25,,,,2.75,4.5,8.0,2.6,,5.08,,,13.5,,
,5.5,,,,3.75,6.75,,,,,,,16.0,,
2.4,3.0,,,,3.75,4.25,,,,,,,11.0,,
4.0,6.75,,,,3.0,4.25,6.0,4.6,,4.42,,,14.0,,
6.0,7.0,,,,6.25,6.5,8.5,2.0,,7.08,,,19.75,15.0,
4.0,7.5,,,,4.25,6.5,7.25,2.6,,6.0,,,18.25,,
2.6,4.0,,,,3.5,3.25,,,,,,,10.75,,
2.8,8.0,,,,3.25,6.5,6.0,2.8,,5.25,,,17.75,,
5.8,5.25,5.75,6.25,3.0,,,,2.8,5.0,,17.8,15.05,,,14.35
3.0,7.0,,,,3.75,6.25,6.75,2.0,,5.58,,,17.0,12.0,
2.0,4.0,,,,4.0,4.25,4.5,2.0,,4.25,,,12.25,8.0,
4.4,,,,,2.75,,,2.4,,,,,,,
4.4,6.0,,,,3.25,4.0,,,,,,,13.25,,
4.2,4.25,,,,3.0,5.75,,,,,,,13.0,,
2.2,2.25,,,,3.25,5.25,,,,,,,10.75,,
3.4,4.25,,,,3.25,4.75,,,,,,,12.25,,
4.0,4.5,,,,3.0,5.5,6.5,2.2,,5.0,,,13.0,,
6.0,5.75,,,,3.75,6.5,6.75,1.8,,5.67,,,16.0,,
3.6,4.0,,,,4.25,7.0,8.5,3.0,,6.58,,,15.25,,
5.8,8.5,,,,3.25,6.5,7.5,5.2,,5.75,,,18.25,,
6.0,6.5,5.25,5.5,5.5,,,,2.4,5.42,,16.75,17.0,,,13.65
2.6,3.0,,,,3.25,3.5,5.5,2.2,,4.08,,,9.75,,
,7.5,,,,4.25,7.25,,,,,,,19.0,,
3.4,6.5,,,,3.75,6.75,7.75,1.6,,6.08,,,17.0,,
4.2,4.5,,,,3.5,5.5,8.25,2.2,,5.75,,,13.5,,
4.4,8.25,,,,4.25,,,,,,,,,,
3.4,6.5,,,,2.5,5.75,5.5,2.2,,4.58,,,14.75,,
5.0,6.0,4.0,5.75,5.25,,,,4.0,5.0,,14.75,16.0,,15.0,13.0
2.4,5.75,,,,3.0,4.75,,,,,,,13.5,,
5.8,,,5.75,4.25,,,,,,,,15.8,,,
6.4,8.25,5.0,3.75,4.25,,,,3.2,4.33,,15.15,14.4,,,14.6
2.2,5.0,,,,5.75,6.0,,,,,,,16.75,,
7.2,7.5,4.5,4.5,5.25,,,,7.8,4.75,,16.2,16.95,,,19.5
5.6,6.0,5.75,5.25,6.5,,,,5.4,5.83,,16.6,17.35,,17.0,16.75
4.8,6.5,,,,4.0,6.25,6.75,7.8,,5.67,,,16.75,,
7.6,5.5,6.0,8.25,7.5,,,,7.6,7.25,,21.85,23.35,,,21.2
6.2,8.5,4.0,2.75,2.75,,,,6.6,3.17,,12.95,11.7,,,16.8
5.2,8.0,,,,2.5,7.25,6.5,7.8,,5.42,,,17.75,21.0,
6.8,8.75,,,,3.25,7.25,6.75,9.4,,5.75,,,19.25,,
5.2,7.0,,,,4.5,7.5,7.5,6.8,,6.5,,,19.0,19.0,
5.0,6.25,,,,3.5,6.75,6.25,3.0,,5.5,,,16.5,,
2.4,3.0,,,,3.0,5.25,4.75,2.6,,4.33,,,11.25,8.0,
2.2,5.75,,,,3.25,6.0,8.5,3.4,,5.92,,,15.0,,
4.2,8.5,,,,3.25,5.75,7.5,3.0,,5.5,,,17.5,,
3.4,6.25,,,,3.25,4.75,7.0,2.6,,5.0,,,14.25,,
5.8,8.5,,,,5.5,4.75,8.0,3.2,,6.08,,,18.75,,
3.0,6.5,,,,4.5,5.5,6.0,2.8,,5.33,,,16.5,,
3.2,4.25,,,,2.75,5.25,6.25,2.4,,4.75,,,12.25,,
2.0,2.75,,,,2.5,3.75,5.25,2.0,,3.83,,,9.0,,
4.2,6.25,,,,2.75,7.5,6.75,2.8,,5.67,,,16.5,,
3.6,5.0,,,,2.75,4.0,4.5,3.2,,3.75,,,11.75,,
2.0,4.25,,,,3.25,4.0,6.25,2.6,,4.5,,,11.5,,
1.6,3.5,,,,3.5,6.0,6.25,3.4,,5.25,,,13.0,,
3.6,7.0,,,,3.25,4.75,6.5,2.6,,4.83,,,15.0,,
4.6,6.75,,,,2.25,4.75,6.25,3.0,,4.42,,,13.75,,
3.8,5.5,,,,2.25,4.5,5.75,2.8,,4.17,,,12.25,,
2.4,6.5,,,,4.5,7.0,7.0,3.4,,6.17,,,18.0,,
5.4,6.0,,,,3.75,5.75,8.5,1.8,,6.0,,,15.5,,
3.0,6.0,,,,2.5,5.75,8.25,1.6,,5.5,,,14.25,,
2.8,4.5,,,,3.75,4.0,6.25,2.4,,4.67,,,12.25,,
4.4,6.5,,,,4.0,5.25,7.75,5.0,,5.67,,,15.75,,
4.4,7.0,,,,3.25,6.0,7.25,2.4,,5.5,,,16.25,,
5.0,6.0,,,,3.5,6.5,8.75,2.6,,6.25,,,16.0,,
4.2,5.5,,,,4.0,5.75,7.75,2.0,,5.83,,,15.25,,
2.8,3.0,,,,3.5,4.5,,,,,,,11.0,,
3.2,3.5,,,,3.75,5.5,,,,,,,12.75,,
3.4,5.0,,,,3.75,4.5,,,,,,,13.25,,
5.8,3.0,,,,3.25,5.25,7.25,2.6,,5.25,,,11.5,,
5.2,7.5,,,,5.0,5.0,7.25,3.2,,5.75,,,17.5,,
4.6,6.75,,,,2.5,5.5,6.5,4.2,,4.83,,,14.75,,
3.0,3.0,,,,3.75,4.25,7.25,2.6,,5.08,,,11.0,,
4.8,8.0,,,,4.5,6.25,8.75,7.0,,6.5,,,18.75,,
2.8,4.25,,,,3.75,5.25,5.25,3.4,,4.75,,,13.25,,
2.4,4.0,,,,3.25,3.75,6.0,2.6,,4.33,,,11.0,9.0,
4.6,6.0,,,,4.5,6.25,7.0,2.8,,5.92,,,16.75,,
2.6,2.25,,,,3.0,3.75,5.0,3.0,,3.92,,,9.0,,
3.4,5.5,,,,3.5,,,,,,,,,,
2.8,7.25,,,,5.0,,,,,,,,,,
2.6,3.0,,,,5.0,,,,,,,,,,
4.0,6.75,,,,3.25,1.25,,,,,,,11.25,,
7.8,8.75,,,,7.5,3.25,,,,,,,19.5,,
4.8,6.75,,,,7.25,2.75,,,,,,,16.75,,
4.8,7.0,4.0,3.25,4.0,,,,3.6,3.75,,12.05,12.05,,,12.4
5.2,7.0,,,,3.0,7.0,7.25,5.8,,5.75,,,17.0,18.0,
1.6,6.25,,,,3.5,4.0,4.5,2.2,,4.0,,,13.75,,
6.0,6.0,7.0,6.0,5.0,,,,4.4,6.0,,19.0,17.0,,,17.4
5.8,4.5,5.75,3.25,4.25,,,,3.4,4.42,,14.8,13.3,,,14.95
6.0,4.25,4.25,7.0,3.75,,,,5.8,5.0,,17.25,16.75,,,16.05
4.4,4.0,,,,3.5,4.5,7.25,2.8,,5.08,,,12.0,,
3.0,6.75,,,,4.5,5.5,6.25,1.8,,5.42,,,16.75,,
5.8,6.75,4.75,6.25,5.75,,,,4.0,5.58,,16.8,17.8,,,14.55
7.2,3.75,7.0,4.75,5.25,,,,3.2,5.67,,18.95,17.2,,,17.4
5.2,7.25,,,,2.25,6.5,8.75,3.8,,5.83,,,16.0,,
4.6,6.25,,,,5.5,5.5,8.0,2.8,,6.33,,,17.25,,
4.0,8.75,,,,8.0,8.5,9.25,4.6,,8.58,,,25.25,,
3.6,7.25,,,,5.0,5.75,7.0,1.6,,5.92,,,18.0,,
4.6,7.75,,,,7.25,8.0,8.25,4.4,,7.83,,,23.0,,
4.8,5.5,,,,3.5,6.0,6.75,3.0,,5.42,,,15.0,,
4.8,7.0,,,,2.0,5.75,7.25,2.8,,5.0,,,14.75,,
4.4,5.0,,,,2.75,5.25,7.75,3.6,,5.25,,,13.0,13.0,
3.2,2.25,,,,2.75,3.25,7.0,2.4,,4.33,,,8.25,,
3.8,6.5,,,,3.0,5.75,6.0,2.6,,4.92,,,15.25,,
4.2,5.75,,,,2.5,5.75,6.25,2.2,,4.83,,,14.0,,
6.0,5.25,4.0,4.5,4.75,,,,3.0,4.42,,14.5,15.25,,,13.0
4.4,6.25,4.0,3.25,4.0,,,,3.0,3.75,,11.65,11.65,,,11.4
1.4,5.0,,,,2.5,3.25,4.25,2.4,,3.33,,,10.75,,
4.8,6.25,3.0,3.5,3.75,,,,3.2,3.42,,11.3,12.05,,,11.0
5.4,6.75,5.0,4.75,4.25,,,,2.8,4.67,,15.15,14.4,,,13.2
6.6,6.25,6.25,4.25,6.25,,,,6.6,5.58,,17.1,17.1,,,19.45
6.0,4.5,3.75,3.5,4.25,,,,4.4,3.83,,13.25,13.75,,,14.15
6.6,7.25,4.75,5.75,5.75,,,,4.2,5.42,,17.1,18.1,,,15.55
4.2,7.0,4.0,4.25,5.5,,,,3.0,4.58,,12.45,13.95,,,11.2
4.8,3.75,4.5,6.5,5.25,,,,3.6,5.42,,15.8,16.55,,,12.9
6.2,6.25,3.5,4.75,5.25,,,,5.6,4.5,,14.45,16.2,,,15.3
6.6,8.0,4.5,4.5,3.5,,,,7.0,4.17,,15.6,14.6,,,18.1
5.8,7.25,6.25,5.75,4.75,,,,2.8,5.58,,17.8,16.3,,,14.85
6.4,4.75,6.25,4.25,3.75,,,,3.2,4.75,,16.9,14.4,,,15.85
6.6,5.0,5.0,3.5,5.5,,,,4.0,4.67,,15.1,15.6,,,15.6
5.8,4.75,3.0,4.0,2.25,,,,2.2,3.08,,12.8,12.05,,,11.0
6.0,8.75,3.0,3.5,5.0,,,,5.8,3.83,,12.5,14.5,,,14.8
6.8,8.5,,,,6.25,,,,,,,,,,
5.2,,,6.5,3.75,,,,4.0,,,,15.45,,,
6.4,7.5,6.5,5.0,6.0,,,,7.0,5.83,,17.9,17.4,,,19.9
2.4,2.5,,,,3.5,2.5,,,,,,,8.5,,
6.0,,4.0,6.5,,,,,,,,16.5,,,,
5.4,6.25,,,,4.75,5.25,8.5,7.6,,6.17,,,16.25,,
6.6,6.25,7.5,4.75,5.75,,,,4.4,6.0,,18.85,17.1,,,18.5
4.4,5.75,,,,5.0,5.5,7.0,2.0,,5.83,,,16.25,,
4.2,5.75,,,,6.25,6.0,7.0,1.4,,6.42,,,18.0,,
3.6,5.0,,,,3.5,,,,,,,,,,
5.8,9.0,3.5,6.5,6.25,,,,7.0,5.42,,15.8,18.55,,,16.3
5.2,7.75,,,,4.75,,,,,,,,,,
5.0,8.5,,,,3.0,6.25,8.0,5.6,,5.75,,,17.75,,
5.4,8.5,3.5,7.75,6.75,,,,6.0,6.0,,16.65,19.9,,,14.9
7.0,8.75,6.5,4.75,5.75,,,,6.2,5.67,,18.25,17.5,,,19.7
2.6,,3.0,,,,,,3.6,,,,,,,9.2
4.2,7.0,,,,3.5,4.75,7.25,3.8,,5.17,,,15.25,15.0,
4.8,8.0,,,,7.5,,,,,,,,,,
7.2,8.25,,,,8.0,2.5,,,,,,,18.75,,
6.0,8.25,,,,3.25,5.25,7.75,7.4,,5.42,,,16.75,,
3.4,3.75,,,,2.25,4.25,,,,,,,10.25,,
6.2,5.5,6.0,6.0,4.0,,,,5.0,5.33,,18.2,16.2,,,17.2
4.6,4.75,,,,3.25,5.5,8.25,7.8,,5.67,,,13.5,,
6.6,5.25,4.0,4.0,3.5,,,,4.0,3.83,,14.6,14.1,,,14.6
2.6,2.5,,,,2.5,4.5,,,,,,,9.5,,
2.0,3.5,,,,2.5,6.0,,,,,,,12.0,,
3.0,6.0,,,,3.75,4.25,,,,,,,14.0,,
3.4,2.75,,,,3.75,5.5,,,,,,,12.0,,
5.8,7.5,,,,4.0,5.25,6.5,3.0,,5.25,,,16.75,,
3.4,7.0,,,,4.0,7.0,,,,,,,18.0,,
4.6,7.0,3.5,5.25,3.5,,,,3.6,4.08,,13.35,13.35,,,11.7
3.2,3.25,,,,3.5,4.75,5.0,3.2,,4.42,,,11.5,,
3.6,6.5,,,,5.0,6.25,,,,,,,17.75,,
3.6,4.75,,,,2.5,5.25,7.5,3.0,,5.08,,,12.5,,
3.4,1.25,,,,4.25,3.75,,,,,,,9.25,,
6.4,4.5,5.75,3.5,4.75,,,,4.6,4.67,,15.65,14.65,,,16.75
4.2,5.5,,,,4.5,6.25,7.75,5.4,,6.17,,,16.25,,
3.6,7.75,,,,3.25,3.5,7.0,4.8,,4.58,,,14.5,,
6.0,6.5,2.5,5.25,3.75,,,,2.8,3.83,,13.75,15.0,,,11.3
2.4,2.0,,,,2.75,4.0,6.25,2.6,,4.33,,,8.75,7.0,
2.8,6.5,,,,,,,3.8,,,,,,,
4.6,5.25,,,,5.75,6.5,7.75,3.6,,6.67,,,17.5,,
2.4,3.75,,,,3.0,5.25,4.75,2.0,,4.33,,,12.0,,
4.6,4.5,,,,3.75,6.75,7.25,3.2,,5.92,,,15.0,,
3.6,5.0,,,,3.75,5.5,6.0,2.4,,5.08,,,14.25,11.0,
3.8,5.5,,,,3.25,4.25,7.0,2.8,,4.83,,,13.0,,
4.6,4.0,,,,3.0,6.0,7.75,3.6,,5.58,,,13.0,,
2.0,5.0,,,,2.75,3.75,6.25,2.2,,4.25,,,11.5,,
4.6,7.0,,,,4.75,7.5,7.5,1.8,,6.58,,,19.25,,
5.8,8.0,,,,5.25,6.75,8.25,2.6,,6.75,,,20.0,,
5.4,8.5,,,,5.75,8.0,9.75,4.0,,7.83,,,22.25,,
3.6,4.0,,,,3.75,4.75,7.0,2.8,,5.17,,,12.5,,
3.8,4.0,,,,5.25,8.0,8.25,3.0,,7.17,,,17.25,,
3.2,2.75,,,,3.25,3.25,4.5,1.8,,3.67,,,9.25,,
5.6,7.25,2.75,4.5,4.75,,,,5.4,4.0,,12.85,14.85,,,13.75
3.6,3.5,,,,4.25,5.0,4.75,2.6,,4.67,,,12.75,,
3.6,5.25,,,,5.25,5.25,,,,,,,15.75,,
5.4,8.25,,,,5.75,7.0,8.25,3.6,,7.0,,,21.0,,
2.6,6.0,,,,4.75,6.0,5.75,2.4,,5.5,,,16.75,11.0,
4.8,7.0,,,,7.25,6.5,8.75,4.0,,7.5,,,20.75,,
2.6,2.5,,,,2.75,4.5,,,,,,,9.75,,
3.2,5.25,1.75,5.0,3.5,,,,3.0,3.42,,9.95,11.7,,,7.95
2.4,4.0,,,,3.75,3.75,,,,,,,11.5,,
3.2,5.75,,,,4.5,4.5,7.5,2.2,,5.5,,,14.75,,
3.2,4.25,,,,2.25,4.75,,,,,,,11.25,,
6.0,7.25,,,,6.5,5.75,9.0,3.2,,7.08,,,19.5,,
4.6,7.25,5.25,4.5,5.5,,,,4.2,5.08,,14.35,14.6,,,14.05
2.0,4.5,,,,2.75,3.0,5.25,3.2,,3.67,,,10.25,,
4.6,7.0,,,,3.75,5.5,7.0,4.0,,5.42,,,16.25,,
5.6,6.25,,,,5.0,7.0,8.5,2.6,,6.83,,,18.25,,
,5.25,,,,6.5,5.0,,,,,,,16.75,,
2.0,2.75,,,,3.75,5.0,7.0,2.4,,5.25,,,11.5,,
4.2,5.75,,,,5.25,5.25,8.5,4.4,,6.33,,,16.25,,
4.0,3.0,,,,4.5,6.75,8.75,3.4,,6.67,,,14.25,,
3.4,6.0,,,,3.0,3.5,5.5,4.2,,4.0,,,12.5,,
3.8,5.25,,,,4.25,4.0,5.5,2.4,,4.58,,,13.5,,
2.4,3.0,,,,2.5,4.25,,,,,,,9.75,,
4.6,,3.5,3.25,,,,,,,,11.35,,,,
4.2,3.0,,,,3.25,4.75,7.0,3.2,,5.0,,,11.0,,
5.2,7.25,,,,5.75,6.25,7.75,3.6,,6.58,,,19.25,,
4.0,6.25,4.25,4.5,5.0,,,,3.2,4.58,,12.75,13.5,,,11.45
2.2,4.0,,,,3.5,5.25,5.75,5.2,,4.83,,,12.75,,
4.8,7.5,,,,5.0,6.0,6.75,1.4,,5.92,,,18.5,,
4.0,6.25,5.0,4.75,4.5,,,,2.0,4.75,,13.75,13.25,,,11.0
4.8,6.5,,,,5.25,7.25,8.5,3.0,,7.0,,,19.0,,
2.6,3.25,,,,3.5,4.0,5.5,2.0,,4.33,,,10.75,,
2.2,5.5,,,,2.5,4.75,6.25,2.4,,4.5,,,12.75,,
3.8,2.5,,,,2.5,5.75,,,,,,,10.75,,
4.4,5.75,,,,3.0,5.5,,,,,,,14.25,,
3.4,4.25,,,,3.25,4.5,,,,,,,12.0,,
1.8,2.0,,,,2.25,3.5,5.5,3.4,,3.75,,,7.75,,
2.4,5.5,,,,4.0,4.5,6.75,2.6,,5.08,,,14.0,,
3.6,6.25,,,,6.5,7.5,7.25,1.8,,7.08,,,20.25,,
3.2,2.75,,,,3.0,5.0,5.0,3.0,,4.33,,,10.75,,
3.0,6.0,,,,3.75,4.75,6.25,3.0,,4.92,,,14.5,12.0,
4.4,6.0,,,,6.75,6.25,8.25,0.8,,7.08,,,19.0,,
2.6,6.5,,,,3.75,4.75,6.75,3.8,,5.08,,,15.0,,
5.0,8.5,4.5,6.25,6.25,,,,4.4,5.67,,15.75,17.5,,,13.9
3.2,5.75,,,,2.75,4.25,7.0,2.8,,4.67,,,12.75,,
3.8,7.0,,,,3.5,7.0,8.0,2.4,,6.17,,,17.5,,
3.8,6.0,,,,3.25,7.0,7.5,2.8,,5.92,,,16.25,,
4.4,8.5,,,,5.25,7.75,8.75,6.2,,7.25,,,21.5,,
6.4,7.25,,,,,,,5.4,,,,,,,
4.0,4.25,,,,3.75,6.25,7.5,2.6,,5.83,,,14.25,,
3.4,5.5,,,,4.25,5.25,7.25,2.8,,5.58,,,15.0,,
2.6,6.0,,,,3.25,4.75,6.25,2.0,,4.75,,,14.0,,
4.2,7.25,,,,4.25,3.75,9.25,2.2,,5.75,,,15.25,,
1.8,4.0,,,,,,,3.2,,,,,,9.0,
,7.25,,,,3.75,6.5,,,,,,,17.5,,
2.6,5.0,,,,4.5,4.5,6.5,3.6,,5.17,,,14.0,,
5.4,6.75,,,,4.5,6.25,7.75,4.6,,6.17,,,17.5,,
2.8,5.75,,,,2.25,4.75,5.25,2.2,,4.08,,,12.75,,
4.2,6.75,,,,5.0,6.25,9.0,3.8,,6.75,,,18.0,,
4.6,6.75,,,,3.25,5.5,7.75,3.2,,5.5,,,15.5,,
4.6,8.5,,,,,,,5.0,,,,,,,
,7.75,,,,6.5,7.5,,,,,,,21.75,,
,7.75,,,,5.0,6.25,,,,,,,19.0,,
5.4,6.75,6.25,5.0,5.5,,,,3.0,5.58,,16.65,15.9,,,14.65
2.6,3.75,,,,4.0,4.5,6.25,3.4,,4.92,,,12.25,,
5.2,3.75,,,,2.25,5.25,,5.0,,,,,11.25,,
3.2,5.75,,,,5.25,7.25,7.75,1.2,,6.75,,,18.25,,
2.6,3.25,,,,4.0,4.25,7.0,3.6,,5.08,,,11.5,,
5.2,5.25,,,,4.75,6.0,7.75,2.6,,6.17,,,16.0,,
2.4,7.25,,,,4.75,7.5,8.0,2.2,,6.75,,,19.5,,
3.4,5.0,,,,2.0,4.5,3.5,2.2,,3.33,,,11.5,,
5.0,6.25,4.5,4.25,3.5,,,,2.4,4.08,,13.75,12.75,,,11.9
3.8,3.5,,,,2.75,3.0,5.5,1.8,,3.75,,,9.25,,
3.4,4.5,,,,3.75,4.0,,,,,,,12.25,,
3.6,6.5,,,,3.25,5.75,6.5,3.4,,5.17,,,15.5,,
4.2,5.5,4.5,3.75,5.75,,,,4.2,4.67,,12.45,13.7,,,12.9
2.6,2.25,,,,1.5,4.5,,,,,,,8.25,,
2.2,3.75,,,,4.75,6.25,7.0,2.4,,6.0,,,14.75,,
3.8,4.5,,,,4.75,6.75,7.5,2.4,,6.33,,,16.0,,
2.0,4.0,,,,3.5,5.0,6.75,2.0,,5.08,,,12.5,8.0,
4.4,8.0,,,,3.5,5.25,7.5,3.4,,5.42,,,16.75,,
,7.0,,,,8.0,8.5,,,,,,,23.5,,
4.0,7.5,,,,3.25,8.25,9.0,3.2,,6.83,,,19.0,,
2.4,6.5,,,,3.25,5.75,7.25,3.2,,5.42,,,15.5,,
4.0,5.75,,,,3.0,5.25,7.5,4.0,,5.25,,,14.0,,
5.6,5.0,6.25,5.0,4.25,,,,3.0,5.17,,16.85,14.85,,,14.85
4.2,6.25,,,,3.0,5.0,8.25,3.0,,5.42,,,14.25,,
5.4,6.5,,,,5.5,7.5,8.75,3.6,,7.25,,,19.5,,
3.0,4.25,,,,4.75,6.75,7.5,2.6,,6.33,,,15.75,,
3.0,3.25,,,,3.0,4.5,5.0,2.2,,4.17,,,10.75,,
4.6,6.25,,,,4.75,7.25,8.5,3.0,,6.83,,,18.25,,
1.8,3.75,,,,2.25,5.25,5.25,3.4,,4.25,,,11.25,,
,6.5,,,,,,,,,,,,,,
4.4,6.75,,,,6.0,6.25,8.75,4.0,,7.0,,,19.0,,
1.2,4.25,,,,3.0,4.5,5.75,2.4,,4.42,,,11.75,,
3.2,5.5,,,,3.75,4.75,8.5,2.4,,5.67,,,14.0,,
3.0,3.25,,,,2.25,2.25,,,,,,,7.75,,
1.8,5.0,,,,1.75,4.5,,,,,,,11.25,,
2.8,3.0,,,,3.5,3.75,,,,,,,10.25,,
2.4,2.25,,,,3.25,5.25,,,,,,,10.75,,
3.4,3.0,,,,3.5,5.75,5.75,2.0,,5.0,,,12.25,,
3.2,3.0,,,,3.0,6.75,,,,,,,12.75,,
2.2,4.5,,,,7.0,6.75,7.0,4.6,,6.92,,,18.25,,
5.6,7.25,5.0,5.5,4.75,,,,4.0,5.08,,16.1,15.85,,,14.6
3.2,4.25,,,,2.75,4.75,5.5,3.0,,4.33,,,11.75,,
3.0,3.5,,,,2.0,4.0,,,,,,,9.5,,
3.0,5.0,,,,2.5,4.75,,,,,,,12.25,,
1.8,4.5,,,,3.0,6.0,,,,,,,13.5,,
4.8,2.0,,,,3.0,5.5,,,,,,,10.5,,
2.2,6.5,,,,2.0,5.75,6.25,3.0,,4.67,,,14.25,,
2.8,7.0,,,,6.25,6.75,8.25,3.6,,7.08,,,20.0,,
,8.0,,,,4.0,6.75,,,,,,,18.75,,
3.4,5.0,,,,3.0,3.5,4.0,2.0,,3.5,,,11.5,,
3.0,4.75,,,,5.75,4.75,7.0,2.8,,5.83,,,15.25,,
5.2,6.75,,,,3.0,5.75,7.5,3.0,,5.42,,,15.5,,
4.8,4.25,,,,3.5,5.25,7.5,1.6,,5.42,,,13.0,,
2.8,5.75,,,,3.25,4.5,7.5,2.4,,5.08,,,13.5,,
2.4,2.75,,,,3.25,3.5,,,,,,,9.5,,
3.8,2.0,,,,4.0,5.0,,,,,,,11.0,,
1.8,4.25,,,,2.0,5.75,5.75,2.0,,4.5,,,12.0,,
2.4,4.0,,,,2.75,3.0,,,,,,,9.75,,
3.4,5.5,,,,3.0,4.0,6.75,3.4,,4.58,,,12.5,,
2.8,3.0,,,,2.75,4.25,,,,,,,10.0,,
4.4,6.75,,,,6.0,7.75,6.5,4.4,,6.75,,,20.5,,
3.4,3.5,,,,3.0,3.75,5.0,1.8,,3.92,,,10.25,,
3.0,5.0,,,,4.5,6.0,7.25,3.6,,5.92,,,15.5,,
3.8,7.0,,,,2.75,4.5,4.5,3.6,,3.92,,,14.25,,
4.6,7.5,,,,5.25,5.75,8.0,2.8,,6.33,,,18.5,,
2.0,4.25,,,,3.0,6.25,6.0,2.4,,5.08,,,13.5,,
3.2,4.0,,,,2.75,5.75,6.25,2.8,,4.92,,,12.5,10.0,
5.4,6.5,,,,3.0,6.25,7.75,4.4,,5.67,,,15.75,,
2.4,6.5,,,,4.25,6.75,7.75,2.4,,6.25,,,17.5,,
4.4,6.5,4.0,5.0,3.5,,,,2.8,4.17,,13.4,12.9,,,11.2
4.6,6.75,,,,4.5,6.25,7.5,3.0,,6.08,,,17.5,,
2.2,2.75,,,,2.0,4.25,4.5,2.0,,3.58,,,9.0,,
5.0,6.5,,,,5.5,6.25,7.5,4.0,,6.42,,,18.25,,
2.4,5.5,,,,3.25,4.75,7.5,2.8,,5.17,,,13.5,,
2.8,6.25,,,,3.75,5.25,7.0,2.0,,5.33,,,15.25,,
3.0,2.75,,,,2.5,2.5,,,,,,,7.75,,
3.2,1.5,,,,2.5,1.5,,,,,,,5.5,,
,5.5,,,,4.75,6.0,,,,,,,16.25,,
2.4,4.5,,,,4.0,4.5,,,,,,,13.0,,
3.6,1.75,,,,4.25,3.5,,,,,,,9.5,,
2.8,4.5,,,,3.0,4.25,,,,,,,11.75,,
3.2,1.5,,,,3.0,4.75,,,,,,,9.25,,
4.6,4.0,,,,4.25,4.75,,,,,,,13.0,,
4.4,5.0,,,,4.5,6.5,8.25,3.2,,6.42,,,16.0,,
4.8,6.0,,,,2.75,5.0,8.5,3.2,,5.42,,,13.75,14.0,
4.8,5.75,,,,4.0,7.5,8.0,3.6,,6.5,,,17.25,,
2.4,4.0,,,,2.75,3.75,7.75,2.8,,4.75,,,10.5,,
4.8,6.0,,,,4.75,6.25,8.25,2.6,,6.42,,,17.0,,
4.6,7.75,,,,6.5,8.5,9.25,3.8,,8.08,,,22.75,,
2.0,2.75,,,,3.5,5.0,,,,,,,11.25,,
2.4,4.0,,,,3.5,5.5,,,,,,,13.0,,
3.6,3.75,,,,3.0,3.5,,,,,,,10.25,,
6.6,6.5,6.5,6.25,4.0,,,,5.0,5.58,,19.35,16.85,,,18.1
7.8,7.0,5.25,3.75,5.25,,,,7.6,4.75,,16.8,16.8,,,20.65
6.0,3.5,5.25,6.0,6.25,,,,3.6,5.83,,17.25,18.25,,,14.85
5.6,6.5,5.75,5.25,3.25,,,,3.6,4.75,,16.6,14.1,,,14.95
7.4,7.5,3.25,7.75,7.0,,,,8.4,6.0,,18.4,22.15,,,19.05
4.8,4.5,3.25,5.75,5.0,,,,3.4,4.67,,13.8,15.55,,,11.45
8.2,5.0,7.0,6.75,7.25,,,,5.0,7.0,,21.95,22.2,,,20.2
6.6,6.75,7.25,7.0,4.25,,,,6.2,6.17,,20.85,17.85,,,20.05
6.8,4.25,5.5,2.25,5.0,,,,6.0,4.25,,14.55,14.05,,,18.3
7.2,8.25,,,,2.5,7.5,9.25,8.0,,6.42,,,18.25,,
2.8,7.0,,,,3.5,5.25,8.0,3.0,,5.58,,,15.75,,
4.0,6.25,,,,3.75,6.75,6.0,3.4,,5.5,,,16.75,,
5.4,7.25,,,,6.25,7.25,8.75,3.2,,7.42,,,20.75,,
5.0,6.5,,,,5.5,6.25,7.0,3.2,,6.25,,,18.25,,
4.4,4.0,,,,3.0,6.5,6.75,3.4,,5.42,,,13.5,,
2.0,2.5,,,,3.0,4.75,6.25,3.6,,4.67,,,10.25,,
5.0,8.0,4.5,5.5,4.0,,,,4.4,4.67,,15.0,14.5,,,13.9
3.8,6.75,,,,3.5,6.25,8.5,2.8,,6.08,,,16.5,,
3.6,4.25,3.0,5.0,4.25,,,,3.2,4.08,,11.6,12.85,,,9.8
6.2,4.0,6.75,7.5,4.5,,,,2.6,6.25,,20.45,18.2,,,15.55
6.2,6.75,6.25,5.25,6.75,,,,5.0,6.08,,17.7,18.2,,,17.45
4.4,7.0,,,,3.25,6.0,6.75,2.4,,5.33,,,16.25,,
2.8,6.75,,,,6.75,8.75,6.0,1.8,,7.17,,,22.25,,
5.6,7.75,,,,4.5,5.75,8.25,3.6,,6.17,,,18.0,,
2.8,6.75,,,,4.0,4.25,6.75,1.8,,5.0,,,15.0,,
3.8,6.0,,,,3.0,5.25,8.5,1.8,,5.58,,,14.25,,
5.8,7.0,5.25,5.0,6.0,,,,3.4,5.42,,16.05,16.8,,,14.45
5.0,7.0,,,,3.75,6.5,8.5,4.6,,6.25,,,17.25,,
6.4,7.25,7.75,6.0,4.25,,,,5.4,6.0,,20.15,16.65,,,19.55
4.6,5.25,,,,4.5,6.5,7.5,2.8,,6.17,,,16.25,,
5.6,6.5,,,,4.75,7.0,8.5,2.4,,6.75,,,18.25,,
2.8,2.25,,,,3.0,4.5,,,,,,,9.75,,
5.6,7.75,5.0,,,,,,6.8,,,,,,,17.4
6.0,8.0,,,,5.0,6.0,6.0,2.8,,5.67,,,19.0,,
3.8,6.0,,,,3.25,4.25,7.0,2.2,,4.83,,,13.5,12.0,
5.6,6.25,,,,4.25,6.0,8.75,2.2,,6.33,,,16.5,,
2.8,5.0,,,,2.75,5.25,7.25,2.0,,5.08,,,13.0,,
5.2,8.0,,,,7.5,6.75,8.5,4.0,,7.58,,,22.25,,
5.8,7.0,,,,3.75,7.75,8.5,,,6.67,,,18.5,,
,8.25,,,,7.25,8.0,,,,,,,23.5,,
2.8,3.0,,,,3.5,6.25,,,,,,,12.75,,
3.0,2.5,,,,2.25,3.0,,,,,,,7.75,,
2.8,6.0,,,,1.5,5.25,,,,,,,12.75,,
2.8,2.75,,,,3.75,4.0,,,,,,,10.5,,
,7.75,,,,4.5,5.25,,,,,,,17.5,,
2.6,3.0,,,,2.0,3.75,,,,,,,8.75,,
3.0,3.5,,,,3.0,3.75,,,,,,,10.25,,
6.4,,6.25,6.5,,,,,,,,19.15,,,,
5.6,,4.0,4.75,,,,,,,,14.35,,,,
3.6,,2.75,2.5,,,,,,,,8.85,,,,
4.4,,4.0,4.25,,,,,,,,12.65,,,,
6.2,6.0,4.5,5.25,,,,,3.4,,,15.95,,,,14.1
2.0,6.0,,,,3.0,4.25,6.25,2.0,,4.5,,,13.25,10.0,
5.2,7.25,,,,4.5,5.0,5.5,2.0,,5.0,,,16.75,,
4.8,4.75,6.75,6.5,2.75,,,,3.4,5.33,,18.05,14.05,,,14.95
3.6,6.25,,,,2.75,5.25,6.25,3.2,,4.75,,,14.25,,
5.6,5.25,6.0,3.75,5.75,,,,5.4,5.17,,15.35,15.1,,,17.0
4.0,7.75,,,,3.5,5.0,5.75,2.2,,4.75,,,16.25,,
2.2,7.5,,,,3.5,5.5,6.5,1.8,,5.17,,,16.5,,
2.6,4.75,,,,4.0,4.5,6.25,2.6,,4.92,,,13.25,,
3.6,4.75,,,,3.75,4.75,,,,,,,13.25,,
3.8,4.5,,,,4.25,5.5,,,,,,,14.25,,
2.8,2.0,,,,4.5,6.0,,,,,,,12.5,,
4.0,3.5,,,,3.0,4.25,,,,,,,10.75,,
3.2,4.0,,,,2.5,6.0,,,,,,,12.5,,
2.8,4.0,,,,3.0,5.0,,,,,,,12.0,,
4.2,4.0,,,,4.25,6.0,,,,,,,14.25,,
1.8,3.5,,,,4.0,3.5,,,,,,,11.0,,
1.6,1.25,,,,2.75,2.25,,,,,,,6.25,,
2.8,4.5,,,,3.5,5.0,,,,,,,13.0,,
2.8,2.5,,,,2.0,3.25,,,,,,,7.75,,
3.6,5.25,,,,2.5,4.75,,,,,,,12.5,,
3.4,4.25,,,,4.0,5.0,,,,,,,13.25,,
4.4,4.0,,,,3.25,5.5,,,,,,,12.75,,
2.2,3.0,,,,3.25,2.75,,,,,,,9.0,,
2.8,7.25,,,,7.25,8.25,6.75,5.4,,7.42,,,22.75,,
3.6,4.5,,,,5.25,,,,,,,,,,
2.6,5.25,,,,3.25,,,,,,,,,,
4.6,5.5,3.0,3.75,4.0,,,,3.0,3.58,,11.35,12.35,,,10.6
3.6,4.25,4.0,5.75,4.5,,,,4.0,4.75,,13.35,13.85,,,11.6
3.8,5.5,,,,4.0,5.0,6.0,4.0,,5.0,,,14.5,,
4.6,5.25,,,,2.5,3.75,7.25,3.0,,4.5,,,11.5,,
5.0,5.75,3.75,5.25,4.75,,,,3.6,4.58,,14.0,15.0,,,12.35
2.6,5.75,,,,,,,,,,,,,,
4.2,,2.75,5.75,,,,,,,,12.7,,,,
6.0,6.75,,,,2.0,6.25,6.0,3.6,,4.75,,,15.0,,
5.4,3.75,5.5,3.25,3.5,,,,3.8,4.08,,14.15,12.15,,,14.7
1.0,3.0,,,,1.75,4.0,,,,,,,8.75,,
3.4,5.0,,,,3.5,6.25,6.75,1.8,,5.5,,,14.75,,
5.4,7.5,,,,3.75,6.75,9.5,6.0,,6.67,,,18.0,,
3.0,5.5,,,,6.25,2.75,,,,,,,14.5,,
7.2,8.0,,,,5.0,7.5,8.75,8.4,,7.08,,,20.5,,
2.8,3.5,2.0,4.75,3.75,,,,3.6,3.5,,9.55,11.3,,,8.4
5.2,8.0,,,,5.5,3.75,,,,,,,17.25,,
4.2,5.5,,,,5.0,6.25,,,,,,,16.75,,
5.2,3.75,4.0,3.5,2.5,,,,4.0,3.33,,12.7,11.2,,,13.2
1.4,2.75,,,,2.75,4.25,,,,,,,9.75,,
3.6,6.75,,,,4.75,6.25,6.5,2.0,,5.83,,,17.75,,
4.4,5.75,4.25,5.0,3.75,,,,4.0,4.33,,13.65,13.15,,,12.65
3.4,2.25,,,,2.75,5.0,7.25,2.2,,5.0,,,10.0,,
4.0,5.75,,,,4.75,6.25,7.75,5.8,,6.25,,,16.75,,
1.6,6.75,,,,1.75,5.0,6.0,1.8,,4.25,,,13.5,,
4.6,8.75,,,,3.0,5.25,7.75,4.0,,5.33,,,17.0,,
4.0,4.75,,,,4.25,6.0,6.5,2.2,,5.58,,,15.0,,
2.0,2.75,,,,2.75,5.25,5.75,2.2,,4.58,,,10.75,,
1.4,2.75,,,,4.5,4.25,3.75,3.8,,4.17,,,11.5,,
2.8,3.0,,,,3.75,3.25,4.25,2.6,,3.75,,,10.0,,
3.8,6.25,,,,4.25,5.75,5.75,3.4,,5.25,,,16.25,,
2.6,4.5,,,,1.75,6.75,6.0,2.6,,4.83,,,13.0,,
4.0,6.5,,,,4.0,8.0,8.25,4.2,,6.75,,,18.5,,
4.4,6.75,,,,2.5,5.0,7.0,2.0,,4.83,,,14.25,,
4.2,5.25,,,,2.5,6.0,8.0,2.6,,5.5,,,13.75,,
5.0,6.0,,,,3.5,5.75,7.0,3.0,,5.42,,,15.25,14.0,
1.8,2.0,,,,4.5,1.25,,,,,,,7.75,,
3.2,6.75,,,,4.25,6.0,7.5,3.0,,5.92,,,17.0,,
5.4,6.25,,,,5.25,6.0,,,,,,,17.5,,
2.6,3.0,,,,2.5,4.0,6.75,2.4,,4.42,,,9.5,8.0,
3.6,2.25,,,,3.5,3.5,,,,,,,9.25,,
3.0,6.75,,,,3.5,3.75,8.0,3.0,,5.08,,,14.0,,
3.4,,,,,3.5,,,2.4,,,,,,,
2.4,6.75,,,,2.75,4.75,6.25,3.4,,4.58,,,14.25,,
5.8,6.5,4.25,3.25,5.5,,,,6.6,4.33,,13.3,14.55,,,16.65
3.6,5.5,,,,3.0,4.0,6.5,2.4,,4.5,,,12.5,,
2.6,4.75,,,,3.25,5.0,3.75,3.0,,4.0,,,13.0,,
3.8,7.25,,,,6.25,6.5,8.0,3.0,,6.92,,,20.0,,
3.0,5.0,,,,4.25,6.0,5.75,3.2,,5.33,,,15.25,,
3.0,5.75,,,,2.75,4.75,8.25,2.8,,5.25,,,13.25,,
4.8,7.0,,,,5.0,7.5,8.0,3.6,,6.83,,,19.5,,
1.8,6.5,,,,2.5,3.75,5.75,3.6,,4.0,,,12.75,,
5.0,6.25,,,,2.25,4.75,5.25,3.0,,4.08,,,13.25,,
5.0,6.5,,,,3.0,7.5,7.75,3.8,,6.08,,,17.0,,
4.4,3.25,,,,3.75,4.75,5.5,3.4,,4.67,,,11.75,,
5.2,7.25,,,,4.25,5.5,9.0,3.4,,6.25,,,17.0,,
2.8,4.5,,,,3.5,4.5,6.75,3.0,,4.92,,,12.5,,
3.8,5.0,,,,2.75,6.0,7.0,3.4,,5.25,,,13.75,,
5.8,5.0,,,,4.0,7.0,8.25,2.0,,6.42,,,16.0,,
3.2,3.0,,,,3.75,4.0,,,,,,,10.75,,
2.6,6.25,,,,3.0,5.5,7.25,2.6,,5.25,,,14.75,,
2.8,5.75,,,,4.0,5.75,,,,,,,15.5,,
5.0,7.5,,,,6.0,7.5,8.75,3.8,,7.42,,,21.0,,
5.0,6.0,3.25,3.75,6.25,,,,5.6,4.42,,12.0,15.0,,,13.85
2.0,3.0,,,,3.0,6.25,7.5,2.2,,5.58,,,12.25,,
2.8,4.0,,,,3.0,3.75,7.0,2.6,,4.58,,,10.75,,
3.6,3.25,,,,2.75,5.25,6.25,3.0,,4.75,,,11.25,,
4.8,6.5,,,,5.0,5.0,9.0,3.0,,6.33,,,16.5,,
3.4,6.5,,,,2.5,6.25,7.5,2.6,,5.42,,,15.25,,
3.0,5.0,,,,5.25,7.25,9.0,4.2,,7.17,,,17.5,,
5.4,4.5,,,,4.75,7.75,8.25,2.6,,6.92,,,17.0,,
4.2,7.5,,,,6.5,8.75,8.5,3.4,,7.92,,,22.75,,
,6.25,,,,5.25,6.5,,,,,,,18.0,,
3.6,5.75,,,,2.75,6.0,8.0,3.6,,5.58,,,14.5,,
5.0,5.75,,,,3.5,5.5,7.75,3.8,,5.58,,,14.75,,
4.2,4.25,,,,2.0,4.5,5.0,2.6,,3.83,,,10.75,,
4.6,4.0,,,,2.0,6.0,7.0,3.2,,5.0,,,12.0,,
,8.0,,,,5.0,6.75,,,,,,,19.75,,
5.0,4.5,,,,4.75,6.75,8.75,3.6,,6.75,,,16.0,,
5.6,7.5,,,,7.25,7.25,9.75,3.6,,8.08,,,22.0,,
4.4,5.5,,,,3.25,5.0,7.25,2.2,,5.17,,,13.75,,
2.6,2.75,,,,3.25,4.5,5.5,2.2,,4.42,,,10.5,,
2.6,5.0,,,,2.25,5.0,5.0,2.6,,4.08,,,12.25,,
2.6,3.75,,,,3.75,6.0,6.75,2.8,,5.5,,,13.5,,
,6.0,,,,5.25,6.25,,,,,,,17.5,,
2.8,5.75,,,,5.25,8.25,9.25,3.6,,7.58,,,19.25,,
2.6,3.5,,,,2.25,4.5,6.25,3.0,,4.33,,,10.25,,
3.2,7.5,,,,4.25,5.25,6.25,3.4,,5.25,,,17.0,,
2.6,6.75,,,,7.5,7.0,7.5,3.2,,7.33,,,21.25,,
4.2,6.25,,,,4.0,4.5,7.25,4.2,,5.25,,,14.75,,
6.0,8.5,4.0,6.0,6.5,,,,2.4,5.5,,16.0,18.5,,,12.4
2.4,4.25,,,,1.75,8.0,8.5,3.0,,6.08,,,14.0,,
3.4,6.0,,,,3.25,5.75,5.25,1.8,,4.75,,,15.0,,
4.4,5.75,,,,5.5,5.75,8.75,2.8,,6.67,,,17.0,,
2.2,2.5,,,,3.5,,,,,,,,,,
3.2,6.75,,,,4.0,5.5,8.25,2.4,,5.92,,,16.25,,
5.0,6.5,,,,3.25,6.0,7.0,3.0,,5.42,,,15.75,,
5.0,8.75,,,,6.5,6.25,8.0,2.4,,6.92,,,21.5,,
5.2,7.75,6.0,6.25,6.0,,,,3.6,6.08,,17.45,17.45,,,14.8
4.8,6.5,,,,4.5,6.0,7.75,4.0,,6.08,,,17.0,,
2.2,,,2.5,3.0,,,,,,,,7.7,,,
4.0,4.0,,,,3.25,7.0,,,,,,,14.25,,
3.8,6.25,,,,5.75,6.75,8.25,3.4,,6.92,,,18.75,,
2.8,4.0,,,,2.5,5.5,7.25,5.0,,5.08,,,12.0,,
2.4,3.0,,,,2.75,4.5,4.25,1.6,,3.83,,,10.25,7.0,
5.0,4.25,,,,5.0,6.5,8.25,3.4,,6.58,,,15.75,,
2.6,6.5,,,,2.25,4.75,5.75,3.0,,4.25,,,13.5,,
3.4,6.25,,,,3.5,5.5,6.25,3.2,,5.08,,,15.25,,
4.4,7.5,,,,2.75,6.25,8.0,3.2,,5.67,,,16.5,,
4.0,6.5,,,,4.0,6.25,7.5,2.8,,5.92,,,16.75,,
3.0,4.25,,,,3.25,4.75,7.25,2.2,,5.08,,,12.25,,
2.8,4.75,,,,2.25,3.75,6.25,1.2,,4.08,,,10.75,,
2.6,5.0,,,,3.0,6.5,7.0,3.2,,5.5,,,14.5,,
,5.75,,,,4.0,3.0,,,,,,,12.75,,
5.4,8.25,,,,,,,4.8,,,,,,,
3.2,6.0,,,,3.75,5.25,7.5,2.6,,5.5,,,15.0,,
6.2,5.25,7.25,7.0,4.5,,,,3.2,6.25,,20.45,17.7,,,16.65
5.4,8.0,,,,4.75,6.75,9.25,4.2,,6.92,,,19.5,,
4.0,7.0,,,,5.25,5.5,8.5,3.2,,6.42,,,17.75,,
5.8,5.5,5.25,4.5,5.25,,,,4.0,5.0,,15.55,15.55,,,15.05
2.8,5.25,,,,5.0,6.25,,,,,,,16.5,,
1.8,4.25,,,,4.25,4.5,,,,,,,13.0,,
,7.75,,,,6.25,8.5,,,,,,,22.5,,
5.4,7.25,,,,3.5,6.0,7.5,3.2,,5.67,,,16.75,,
3.6,5.0,,,,3.0,4.75,5.25,2.8,,4.33,,,12.75,,
2.4,6.0,,,,2.75,6.0,6.0,3.2,,4.92,,,14.75,,
3.8,6.25,,,,3.75,5.5,6.25,2.6,,5.17,,,15.5,,
1.6,4.25,,,,2.75,4.5,6.5,2.0,,4.58,,,11.5,,
2.8,6.0,,,,3.5,5.25,8.5,2.8,,5.75,,,14.75,,
3.6,8.0,,,,3.5,6.25,8.25,3.0,,6.0,,,17.75,,
2.2,4.25,,,,3.0,3.0,6.25,3.0,,4.08,,,10.25,,
4.6,7.0,,,,5.75,7.75,7.75,3.4,,7.08,,,20.5,15.0,
2.4,3.25,,,,4.0,5.0,6.5,2.6,,5.17,,,12.25,,
2.8,3.0,,,,3.0,5.5,7.5,2.8,,5.33,,,11.5,,
3.0,5.75,,,,3.75,6.75,6.25,3.2,,5.58,,,16.25,,
5.4,6.0,,,,4.5,7.75,7.5,4.4,,6.58,,,18.25,,
,6.0,,,,4.25,5.0,,,,,,,15.25,,
,4.0,,,,,,,,,,,,,,
2.2,4.75,,,,2.0,3.0,5.75,3.2,,3.58,,,9.75,,
6.0,,5.75,6.75,,,,,,,,18.5,,,,
2.4,4.75,,,,4.0,5.0,7.0,2.0,,5.33,,,13.75,,
2.6,6.25,,,,3.25,6.0,6.25,2.6,,5.17,,,15.5,,
6.0,6.5,,,,6.75,,,,,,,,,,
2.0,4.5,,,,6.25,6.0,7.5,1.8,,6.58,,,16.75,,
2.6,3.0,,,,4.0,2.75,6.0,2.0,,4.25,,,9.75,,
2.8,7.5,,,,3.75,5.0,8.5,2.0,,5.75,,,16.25,,
4.6,6.75,,,,4.0,7.25,7.5,2.0,,6.25,,,18.0,,
5.0,8.0,,,,3.5,6.25,8.0,3.8,,5.92,,,17.75,,
3.4,6.0,,,,3.75,4.0,6.25,3.4,,4.67,,,13.75,,
4.6,6.25,3.0,4.75,3.75,,,,4.8,3.83,,12.35,13.1,,,12.4
3.8,5.0,,,,3.5,6.25,7.5,0.8,,5.75,,,14.75,,
4.2,4.75,,,,2.5,5.25,6.75,2.4,,4.83,,,12.5,,
1.4,6.5,,,,3.5,4.5,5.75,2.4,,4.58,,,14.5,,
4.6,5.25,,,,3.0,5.25,6.75,2.4,,5.0,,,13.5,,
3.6,3.5,,,,4.5,6.5,7.5,3.8,,6.17,,,14.5,,
2.6,6.25,,,,3.5,7.5,8.25,4.0,,6.42,,,17.25,,
5.6,8.25,,,,7.75,8.75,9.5,5.4,,8.67,,,24.75,,
2.8,4.0,,,,3.25,6.0,4.75,1.6,,4.67,,,13.25,,
2.2,6.5,,,,2.25,4.5,4.5,3.8,,3.75,,,13.25,,
3.0,8.0,,,,5.0,5.5,7.75,3.2,,6.08,,,18.5,,
2.2,1.25,,,,3.0,5.5,,,,,,,9.75,,
2.0,5.5,,,,3.75,5.75,7.5,3.0,,5.67,,,15.0,,
3.6,1.75,,,,3.75,5.5,,,,,,,11.0,,
4.8,7.75,4.25,5.0,6.25,,,,4.0,5.17,,14.05,16.05,,,13.05
4.0,4.5,,,,3.0,5.5,7.25,1.8,,5.25,,,13.0,,
4.0,6.25,,,,3.5,6.0,6.0,2.0,,5.17,,,15.75,,
3.8,4.0,,,,3.5,4.75,,,,,,,12.25,,
3.0,6.5,,,,3.0,5.25,,,,,,,14.75,,
3.4,5.25,,,,2.5,4.25,,,,,,,12.0,,
2.6,7.0,,,,4.5,5.5,,,,,,,17.0,,
6.0,4.25,5.75,5.0,5.0,,,,5.8,5.25,,16.75,16.0,,,17.55
2.6,4.75,,,,3.0,3.75,5.5,3.0,,4.08,,,11.5,,
4.2,8.0,,,,5.5,8.5,6.75,4.2,,6.92,,,22.0,,
5.8,,6.75,6.5,2.5,,,,,5.25,,19.05,14.8,,,
4.6,2.75,,,,2.5,5.75,,,,,,,11.0,,
3.4,7.75,,,,2.75,6.0,7.5,3.2,,5.42,,,16.5,,
4.2,4.75,,,,4.5,7.25,7.75,2.8,,6.5,,,16.5,,
3.4,,,4.25,3.0,,,,,,,,10.65,,,
3.6,6.0,,,,4.75,8.0,8.75,3.0,,7.17,,,18.75,,
2.8,2.75,,,,3.25,3.0,,,,,,,9.0,,
2.0,3.5,,,,1.75,4.25,4.25,3.2,,3.42,,,9.5,,
2.2,6.0,,,,3.5,5.0,6.25,3.4,,4.92,,,14.5,,
4.4,7.5,,,,5.0,6.75,9.0,3.0,,6.92,,,19.25,,
4.0,6.5,,,,5.25,5.75,8.5,2.8,,6.5,,,17.5,,
3.0,6.75,,,,5.5,6.0,8.25,3.6,,6.58,,,18.25,,
2.8,5.0,,,,2.75,5.0,5.25,2.8,,4.33,,,12.75,,
2.8,6.0,,,,2.75,5.25,5.75,3.6,,4.58,,,14.0,,
2.8,5.25,,,,3.5,4.75,4.0,1.8,,4.08,,,13.5,,
3.2,5.25,,,,3.75,5.25,7.75,2.4,,5.58,,,14.25,,
2.6,5.75,,,,4.25,4.25,6.5,3.0,,5.0,,,14.25,,
4.0,7.5,,,,2.25,6.75,7.5,3.4,,5.5,,,16.5,,
3.4,7.75,,,,3.25,5.75,7.75,2.4,,5.58,,,16.75,,
2.8,5.75,,,,3.25,3.75,5.75,2.4,,4.25,,,12.75,,
2.4,4.5,,,,3.0,6.0,7.0,3.0,,5.33,,,13.5,,
3.2,6.5,,,,3.75,6.75,7.5,3.0,,6.0,,,17.0,,
2.4,2.25,,,,2.75,3.0,5.0,2.8,,3.58,,,8.0,,
5.8,7.5,6.25,6.75,6.5,,,,3.6,6.5,,18.8,19.05,,,15.65
2.4,7.5,,,,3.25,4.5,6.5,1.8,,4.75,,,15.25,,
5.2,6.5,5.5,3.5,7.5,,,,3.0,5.5,,14.2,16.2,,,13.7
3.6,3.25,,,,4.0,6.5,7.5,1.8,,6.0,,,13.75,,
2.8,5.75,,,,2.0,5.5,7.25,1.4,,4.92,,,13.25,,
4.0,7.0,,,,3.5,5.25,7.75,2.8,,5.5,,,15.75,,
3.6,3.75,,,,3.75,7.5,8.0,2.0,,6.42,,,15.0,,
3.8,4.25,,,,3.0,6.0,6.0,2.4,,5.0,,,13.25,,
3.6,6.0,,,,2.75,4.75,7.5,1.4,,5.0,,,13.5,11.0,
2.0,5.0,,,,2.25,3.25,4.25,3.0,,3.25,,,10.5,10.0,
3.8,6.25,,,,4.0,6.25,8.5,3.2,,6.25,,,16.5,,
3.2,6.0,,,,3.25,2.75,5.0,3.0,,3.67,,,12.0,,
3.0,6.75,,,,2.75,7.0,6.5,2.0,,5.42,,,16.5,,
4.8,5.75,,,,5.25,7.5,8.5,2.2,,7.08,,,18.5,,
7.0,7.75,,,,3.5,6.25,8.5,7.4,,6.08,,,17.5,,
6.2,7.25,5.5,5.75,6.75,,,,6.4,6.0,,17.45,18.7,,,18.1
4.8,5.25,,,,2.25,6.25,6.5,6.4,,5.0,,,13.75,,
6.4,4.75,7.0,4.75,6.25,,,,6.4,6.0,,18.15,17.4,,,19.8
7.4,6.5,8.25,6.75,6.75,,,,4.8,7.25,,22.4,20.9,,,20.45
5.6,7.5,4.0,6.5,4.0,,,,5.4,4.83,,16.1,16.1,,,15.0
3.2,6.0,,,,3.75,4.75,6.0,2.2,,4.83,,,14.5,,
4.6,7.25,,,,4.5,7.25,8.75,3.2,,6.83,,,19.0,,
5.4,8.5,,,,5.25,7.25,9.0,2.8,,7.17,,,21.0,,
1.8,4.75,,,,4.5,5.75,6.0,2.0,,5.42,,,15.0,,
4.0,4.0,,,,3.5,7.25,8.5,3.2,,6.42,,,14.75,,
4.8,8.0,,,,4.25,6.25,8.75,2.6,,6.42,,,18.5,,
2.6,4.75,,,,2.5,5.0,7.5,2.6,,5.0,,,12.25,,
2.8,6.0,,,,3.25,5.75,7.75,2.8,,5.58,,,15.0,,
4.0,6.75,,,,4.0,7.75,9.0,2.2,,6.92,,,18.5,,
4.4,6.25,,,,3.75,5.75,7.5,2.8,,5.67,,,15.75,,
2.0,3.75,,,,3.75,6.0,7.75,2.6,,5.83,,,13.5,,
3.8,6.25,,,,3.75,6.25,8.5,3.4,,6.17,,,16.25,,
2.4,5.0,,,,3.5,4.25,6.5,2.4,,4.75,,,12.75,,
2.4,5.25,,,,3.5,6.0,6.75,1.4,,5.42,,,14.75,,
3.0,7.0,,,,4.25,5.5,8.5,4.2,,6.08,,,16.75,,
4.0,6.5,,,,2.5,4.75,6.75,4.0,,4.67,,,13.75,,
1.2,2.25,,,,4.25,5.5,,,,,,,12.0,,
2.6,3.5,,,,3.0,5.0,,,,,,,11.5,,
3.8,3.5,,,,6.5,5.75,8.75,3.2,,7.0,,,15.75,,
2.8,5.5,,,,3.5,5.5,,,,,,,14.5,,
2.0,4.5,,,,0.75,3.25,,,,,,,8.5,,
3.8,6.75,,,,6.0,,,,,,,,,,
4.6,6.75,,,,,,,5.6,,,,,,,
3.0,1.5,,,,3.75,4.5,,,,,,,9.75,,
4.2,5.0,,,,3.25,4.75,,,,,,,13.0,,
,5.75,,,,5.0,6.75,8.25,9.0,,6.67,,,17.5,,
4.4,3.0,,,,3.25,6.75,,,,,,,13.0,,
3.0,3.5,,,,3.75,5.5,,,,,,,12.75,,
,1.5,,,,5.25,4.75,,,,,,,11.5,,
3.6,6.5,,,,3.5,6.0,,,,,,,16.0,,
3.2,3.0,,,,2.25,5.0,,,,,,,10.25,,
6.4,8.0,,,,3.25,4.75,6.25,3.4,,4.75,,,16.0,,
4.4,6.0,,,,5.0,6.5,8.5,4.0,,6.67,,,17.5,,
2.2,4.25,,,,4.0,5.25,6.25,3.0,,5.17,,,13.5,,
2.0,5.5,,,,3.25,5.0,7.0,5.0,,5.08,,,13.75,,
3.8,7.5,,,,2.5,4.25,7.5,3.8,,4.75,,,14.25,,
4.8,7.0,,,,3.0,4.0,7.0,2.8,,4.67,,,14.0,,
2.4,5.25,,,,3.0,4.25,6.75,2.8,,4.67,,,12.5,,
5.0,7.0,3.75,4.75,3.75,,,,2.8,4.08,,13.5,13.5,,,11.55
3.4,3.25,,,,3.0,4.25,5.25,2.6,,4.17,,,10.5,,
2.4,4.25,,,,2.5,5.25,6.75,3.0,,4.83,,,12.0,,
4.2,4.5,,,,3.0,5.0,8.25,2.6,,5.42,,,12.5,,
3.8,5.75,,,,4.25,6.25,7.75,7.2,,6.08,,,16.25,,
3.8,5.0,,,,3.5,5.5,6.25,2.4,,5.08,,,14.0,,
4.0,5.75,,,,5.5,5.5,7.5,3.0,,6.17,,,16.75,,
4.4,7.75,,,,8.0,6.0,9.0,1.6,,7.67,,,21.75,,
3.4,7.25,,,,3.0,6.0,7.75,3.2,,5.58,,,16.25,,
3.0,7.25,,,,3.5,4.75,7.0,2.8,,5.08,,,15.5,,
4.2,7.25,,,,4.0,5.25,6.0,3.8,,5.08,,,16.5,,
5.2,6.5,4.5,3.5,5.0,,,,1.6,4.33,,13.2,13.7,,,11.3
8.6,5.75,7.5,5.5,4.75,,,,3.0,5.92,,21.6,18.85,,,19.1
5.0,4.75,5.25,2.75,4.0,,,,3.6,4.0,,13.0,11.75,,,13.85
2.8,4.75,2.75,2.0,4.25,,,,1.6,3.0,,7.55,9.05,,,7.15
5.6,3.5,4.25,4.25,4.5,,,,1.8,4.33,,14.1,14.35,,,11.65
6.4,3.75,5.0,4.0,4.5,,,,4.4,4.5,,15.4,14.9,,,15.8
5.2,7.5,,,,7.25,6.75,,,,,,,21.5,,
3.8,8.0,,,,5.5,7.25,8.75,3.6,,7.17,,,20.75,,
2.6,3.5,,,,1.5,4.25,6.0,2.4,,3.92,,,9.25,,
5.4,7.25,6.0,4.75,4.25,,,,2.8,5.0,,16.15,14.4,,,14.2
5.0,5.0,,,,4.0,5.75,8.0,3.0,,5.92,,,14.75,13.0,
5.2,7.0,,,,5.5,8.0,8.5,3.8,,7.33,,,20.5,16.0,
5.2,8.0,4.5,5.0,4.0,,,,3.6,4.5,,14.7,14.2,,,13.3
3.8,5.5,,,,3.25,4.25,7.75,3.2,,5.08,,,13.0,,
6.2,7.75,4.75,4.25,3.25,,,,7.4,4.08,,15.2,13.7,,,18.35
8.2,6.5,8.25,5.25,5.75,,,,3.4,6.42,,21.7,19.2,,,19.85
6.8,7.0,4.75,6.25,3.75,,,,3.6,4.92,,17.8,16.8,,,15.15
7.4,5.75,5.5,6.0,5.5,,,,4.2,5.67,,18.9,18.9,,,17.1
5.2,6.0,3.75,4.0,5.5,,,,5.0,4.42,,12.95,14.7,,,13.95
5.2,7.0,3.25,6.25,6.75,,,,4.8,5.42,,14.7,18.2,,17.0,13.25
6.6,5.0,4.25,3.75,3.5,,,,1.4,3.83,,14.6,13.85,,13.0,12.25
5.8,6.0,5.5,4.75,5.25,,,,4.4,5.17,,16.05,15.8,,,15.7
6.0,5.75,4.0,3.75,3.75,,,,3.8,3.83,,13.75,13.5,,,13.8
6.0,7.0,3.75,6.75,6.0,,,,4.4,5.5,,16.5,18.75,,,14.15
7.6,8.0,6.5,3.5,4.25,,,,9.2,4.75,,17.6,15.35,,,23.3
,3.75,,,,3.25,4.25,,,,,,,11.25,,
2.8,4.0,,,,,,,2.4,,,,,,,
4.4,7.0,,,,3.75,4.75,5.5,5.4,,4.67,,,15.5,,
5.4,7.75,6.5,6.0,6.25,,,,4.2,6.25,,17.9,17.65,,,16.1
5.4,8.75,,,,2.75,5.0,7.75,5.4,,5.17,,,16.5,,
5.0,8.5,,,,7.25,2.75,,,,,,,18.5,,
1.6,4.5,,,,4.5,,,,,,,,,,
4.4,6.5,,,,6.5,,,,,,,,,,
3.6,5.75,,,,4.5,7.25,,,,,,,17.5,,
4.6,6.75,,,,5.0,,,,,,,,,,
5.2,7.5,,,,8.0,,,,,,,,,,
7.0,,7.5,7.0,,,,,,,,21.5,,,,
5.0,6.5,5.5,6.25,4.75,,,,3.0,5.5,,16.75,16.0,,,13.5
6.8,5.5,6.5,7.5,5.0,,,,4.6,6.33,,20.8,19.3,,,17.9
5.8,,5.75,6.0,,,,,,,,17.55,,,,
2.0,2.0,,,,3.0,4.0,,,,,,,9.0,,
5.6,7.0,,,,3.75,7.0,7.25,5.2,,6.0,,,17.75,,
4.4,,3.75,5.5,,,,,,,,13.65,,,,
3.8,5.75,,,,2.75,5.0,5.25,2.0,,4.33,,,13.5,,
2.0,3.25,,,,3.0,4.0,6.0,2.2,,4.33,,,10.25,,
4.2,8.0,,,,5.5,7.75,8.25,4.0,,7.17,,,21.25,,
3.2,5.0,,,,3.25,5.5,5.75,2.2,,4.83,,,13.75,,
3.6,6.0,,,,3.5,5.75,7.5,3.6,,5.58,,,15.25,,
5.6,8.5,,,,2.25,5.25,7.75,3.8,,5.08,,,16.0,,
3.0,3.5,,,,3.25,5.5,7.75,3.0,,5.5,,,12.25,,
6.2,6.5,5.5,5.0,5.25,,,,2.4,5.25,,16.7,16.45,,,14.1
6.8,5.5,4.5,3.25,3.75,,,,4.8,3.83,,14.55,13.8,,,16.1
4.8,7.5,,,,7.0,5.75,8.25,3.6,,7.0,,,20.25,,
3.4,2.5,,,,3.0,4.75,,,,,,,10.25,,
3.4,5.25,,,,4.0,7.0,,,,,,,16.25,,
1.8,3.0,,,,3.0,5.25,8.5,2.6,,5.58,,,11.25,,
2.4,6.25,,,,3.75,7.0,8.0,3.2,,6.25,,,17.0,,
3.2,4.0,,,,3.25,5.25,7.0,3.2,,5.17,,,12.5,,
,3.5,,,,3.25,6.0,,,,,,,12.75,,
2.6,2.25,,,,3.5,4.5,6.75,3.8,,4.92,,,10.25,,
3.4,2.5,,,,2.75,3.5,5.5,2.8,,3.92,,,8.75,,
4.2,6.75,,,,4.0,5.5,6.0,2.8,,5.17,,,16.25,,
6.0,6.5,,,,2.5,4.75,7.25,4.0,,4.83,,,13.75,,
3.2,6.25,,,,3.0,6.25,7.0,3.0,,5.42,,,15.5,,
2.4,4.0,,,,4.5,5.75,6.75,1.8,,5.67,,,14.25,,
1.6,2.0,,,,2.0,3.75,,,,,,,7.75,,
3.0,6.5,,,,4.5,,,,,,,,,,
6.6,4.0,5.0,2.75,5.0,,,,4.2,4.25,,14.35,14.35,,,15.8
2.6,3.5,,,,4.25,5.5,,,,,,,13.25,,
2.8,3.25,,,,3.0,2.75,,,,,,,9.0,,
4.2,6.75,4.25,3.75,4.0,,,,4.6,4.0,,12.2,11.95,,,13.05
2.8,2.75,,,,2.0,5.25,6.5,5.0,,4.58,,,10.0,,
7.6,4.25,5.25,4.75,3.5,,,,2.8,4.5,,17.6,15.85,,,15.65
4.2,8.0,,,,5.5,7.5,8.25,4.2,,7.08,,,21.0,,
5.6,7.75,,,,3.5,6.0,7.25,3.0,,5.58,,,17.25,,
2.8,6.75,,,,4.25,7.75,7.25,2.8,,6.42,,,18.75,,
4.0,6.0,,,,5.25,7.5,8.25,7.0,,7.0,,,18.75,17.0,
6.0,7.25,,,,2.75,7.25,8.0,6.0,,6.0,,,17.25,,
4.0,4.75,,,,2.75,5.0,6.5,3.0,,4.75,,,12.5,,
3.8,7.5,,,,3.0,5.75,7.25,4.4,,5.33,,,16.25,,
2.8,4.25,,,,2.75,5.75,,,,,,,12.75,,
5.0,5.75,,,,,,,3.6,,,,,,,
4.6,5.5,,,,3.0,6.0,6.25,4.0,,5.08,,,14.5,,
1.6,3.75,,,,4.25,5.25,7.25,3.0,,5.58,,,13.25,,
2.2,5.5,,,,3.75,2.75,7.0,2.8,,4.5,,,12.0,,
3.0,3.25,,,,2.25,5.5,6.75,4.4,,4.83,,,11.0,,
2.0,5.0,,,,2.75,4.5,4.5,1.8,,3.92,,,12.25,,
4.8,6.75,,,,4.5,7.0,8.0,3.8,,6.5,,,18.25,,
2.8,7.0,,,,5.0,5.75,7.0,2.8,,5.92,,,17.75,,
4.4,6.5,,,,5.25,7.0,8.75,2.4,,7.0,,,18.75,,
4.0,5.0,,,,4.75,6.25,8.5,1.8,,6.5,,,16.0,,
5.4,6.5,,,,5.0,7.0,8.25,3.2,,6.75,,,18.5,,
3.6,5.0,,,,3.5,6.0,6.0,2.2,,5.17,,,14.5,,
3.8,4.25,,,,3.5,5.0,4.5,1.0,,4.33,,,12.75,,
2.6,4.0,,,,2.75,4.0,4.75,2.4,,3.83,,,10.75,9.0,
7.2,8.0,5.75,3.25,5.25,,,,6.6,4.75,,16.2,15.7,,,19.55
3.8,3.5,,,,4.25,4.75,7.5,2.8,,5.5,,,12.5,,
3.4,4.5,,,,2.5,4.5,,,,,,,11.5,,
4.8,4.5,,,,4.75,6.0,7.0,2.6,,5.92,,,15.25,,
5.8,7.0,3.5,3.5,4.25,,,,3.0,3.75,,12.8,13.55,,,12.3
2.8,4.25,,,,3.75,2.0,,,,,,,10.0,,
3.0,6.0,,,,3.5,4.5,6.0,2.2,,4.67,,,14.0,,
3.2,6.25,,,,3.0,5.5,6.5,3.8,,5.0,,,14.75,,
,7.0,,,,7.5,7.75,,,,,,,22.25,,
3.0,4.5,,,,2.75,3.75,,,,,,,11.0,,
3.0,6.0,,,,2.5,5.25,6.5,1.8,,4.75,,,13.75,,
3.4,8.25,,,,5.0,7.75,8.75,3.0,,7.17,,,21.0,,
5.2,8.0,,,,4.75,6.0,7.0,2.4,,5.92,,,18.75,,
5.8,5.0,,,,2.25,5.5,8.0,2.6,,5.25,,,12.75,,
3.8,6.5,4.0,5.0,3.5,,,,3.8,4.17,,12.8,12.3,,,11.6
3.2,5.5,,,,3.75,6.0,7.25,2.6,,5.67,,,15.25,,
1.6,5.25,,,,4.25,4.75,8.0,2.8,,5.67,,,14.25,,
3.4,6.5,,,,4.5,5.25,6.0,2.0,,5.25,,,16.25,,
4.4,6.5,,,,4.0,5.0,7.0,2.4,,5.33,,,15.5,,
2.8,7.0,,,,5.75,6.75,8.0,2.8,,6.83,,,19.5,,
4.6,6.0,,,,3.75,5.0,6.75,2.4,,5.17,,,14.75,13.0,
3.6,5.5,,,,3.75,5.25,6.75,3.0,,5.25,,,14.5,,
3.4,6.25,,,,3.25,6.5,7.75,2.0,,5.83,,,16.0,,
4.2,5.0,,,,2.75,3.75,,,,,,,11.5,,
2.2,5.5,,,,2.75,4.25,7.5,2.0,,4.83,,,12.5,,
4.2,7.75,,,,3.5,5.25,7.75,2.2,,5.5,,,16.5,,
5.4,,,6.0,5.75,,,,,,,,17.15,,,
3.0,4.25,,,,2.5,3.0,,,,,,,9.75,,
2.6,6.75,,,,3.5,6.5,7.5,4.2,,5.83,,,16.75,,
4.4,6.5,,,,3.0,5.5,6.75,3.2,,5.08,,,15.0,,
,2.25,,,,,,,,,,,,,,
3.4,6.5,,,,3.25,4.75,6.5,2.4,,4.83,,,14.5,,
6.4,7.0,,,,7.0,,,,,,,,,,
2.0,3.25,,,,3.5,5.25,4.75,1.0,,4.5,,,12.0,,
3.8,6.5,,,,2.75,5.75,6.75,2.4,,5.08,,,15.0,,
2.6,5.25,,,,5.0,6.25,7.75,3.6,,6.33,,,16.5,,
3.6,6.5,,,,6.25,6.0,8.25,2.6,,6.83,,,18.75,,
6.4,6.75,4.25,4.0,5.25,,,,5.0,4.5,,14.65,15.65,,,15.65
,7.0,,,,5.25,6.0,,,,,,,18.25,,
3.6,6.25,,,,4.0,5.25,7.75,3.0,,5.67,,,15.5,,
1.8,4.25,,,,4.75,3.5,6.0,3.4,,4.75,,,12.5,,
4.2,6.75,,,,,,,3.4,,,,,,,
6.2,6.5,3.75,4.5,5.75,,,,4.8,4.67,,14.45,16.45,,,14.75
2.6,5.5,,,,2.25,3.75,5.75,3.0,,3.92,,,11.5,,
6.4,7.25,,,,3.75,5.25,9.0,5.2,,6.0,,,16.25,,
4.2,,3.25,2.75,,,,,,,,10.2,,,,
4.2,7.5,,,,3.5,6.0,8.25,2.8,,5.92,,,17.0,,
3.0,6.75,,,,3.0,5.75,5.75,3.4,,4.83,,,15.5,,
4.2,6.25,,,,4.25,7.75,8.5,3.6,,6.83,,,18.25,,
6.2,7.25,6.5,5.25,3.0,,,,2.2,4.92,,17.95,14.45,,,14.9
,7.75,,,,9.25,9.25,,,,,,,26.25,,
3.0,3.25,,,,2.5,3.25,3.5,2.2,,3.08,,,9.0,,
4.0,6.25,,,,2.5,5.75,6.5,1.6,,4.92,,,14.5,,
3.8,4.25,,,,3.0,5.25,,,,,,,12.5,,
4.4,5.25,,,,4.0,7.0,7.75,2.4,,6.25,,,16.25,,
2.6,4.0,,,,3.75,4.75,7.0,1.6,,5.17,,,12.5,,
4.8,5.25,,,,2.75,6.25,8.5,3.0,,5.83,,,14.25,,
3.8,4.0,,,,3.75,3.75,,,,,,,11.5,,
5.2,8.0,,,,3.75,7.0,7.5,3.6,,6.08,,,18.75,,
3.4,3.0,,,,2.0,3.75,4.75,3.2,,3.5,,,8.75,,
5.0,,5.75,,,,,,5.2,,,,,,,15.95
6.2,,5.5,5.75,,,,,,,,17.45,,,,
2.6,2.0,,,,5.25,6.0,5.75,2.2,,5.67,,,13.25,,
2.8,5.25,,,,4.0,4.75,6.5,2.6,,5.08,,,14.0,,
3.6,5.0,,,,4.5,6.25,7.0,3.4,,5.92,,,15.75,12.0,
2.4,5.0,,,,4.25,4.25,6.5,2.8,,5.0,,,13.5,,
2.4,3.75,,,,1.75,4.25,4.25,3.6,,3.42,,,9.75,,
5.6,7.25,,,,5.0,6.25,8.0,2.4,,6.42,,,18.5,,
3.0,3.5,,,,2.75,4.5,,,,,,,10.75,,
5.0,6.5,3.0,2.75,4.5,4.25,6.25,8.0,3.8,3.42,6.17,10.75,12.25,17.0,,11.8
2.8,6.25,,,,3.75,3.0,5.0,3.2,,3.92,,,13.0,,
5.8,7.25,,,,7.75,5.75,7.25,3.2,,6.92,,,20.75,,
2.6,7.0,,,,5.5,5.75,6.75,1.8,,6.0,,,18.25,,
4.6,7.25,,,,4.5,7.0,8.5,3.4,,6.67,,,18.75,,
3.4,4.5,,,,4.0,6.0,6.25,3.0,,5.42,,,14.5,,
4.8,4.5,,,,3.25,5.25,7.0,2.6,,5.17,,,13.0,,
2.4,4.5,,,,4.0,6.0,6.25,2.6,,5.42,,,14.5,,
3.6,3.5,,,,3.5,2.75,,,,,,,9.75,,
3.8,3.25,,,,2.5,5.75,5.25,1.4,,4.5,,,11.5,,
5.0,5.75,,,,3.75,4.75,7.0,2.2,,5.17,,,14.25,,
3.0,6.0,,,,4.0,6.75,,,,,,,16.75,,
4.0,5.75,,,,2.75,3.0,5.0,2.4,,3.58,,,11.5,,
5.4,6.25,,,,3.5,5.5,8.75,3.6,,5.92,,,15.25,,
4.0,6.5,,,,4.25,4.75,6.5,2.8,,5.17,,,15.5,,
3.4,3.5,,,,3.0,7.0,5.25,2.2,,5.08,,,13.5,,
2.8,3.0,,,,2.5,3.75,6.25,2.8,,4.17,,,9.25,,
5.2,6.0,4.25,5.5,4.0,,,,3.0,4.58,,14.95,14.7,,,12.45
5.4,6.0,,,,5.25,7.5,8.25,3.4,,7.0,,,18.75,,
3.0,5.0,,,,3.25,6.25,6.5,3.0,,5.33,,,14.5,11.0,
3.4,3.5,,,,2.5,4.0,3.5,4.0,,3.33,,,10.0,,
4.2,5.0,,,,2.5,3.5,4.25,2.2,,3.42,,,11.0,,
4.0,6.25,,,,2.25,5.0,6.5,2.6,,4.58,,,13.5,,
4.8,6.0,,,,5.0,7.25,8.5,2.2,,6.92,,,18.25,13.0,
2.4,4.5,,,,4.25,4.0,6.5,2.0,,4.92,,,12.75,,
5.4,8.0,,,,5.75,6.25,8.75,2.4,,6.92,,,20.0,,
3.4,4.5,,,,3.25,7.25,7.25,2.8,,5.92,,,15.0,,
3.2,5.25,,,,3.0,5.0,8.25,3.0,,5.42,,,13.25,,
3.4,2.75,,,,4.5,5.0,,,,,,,12.25,,
4.2,2.5,,,,4.0,5.25,,,,,,,11.75,,
3.8,7.0,,,,4.5,6.0,7.5,2.2,,6.0,,,17.5,13.0,
4.0,3.5,,,,4.75,7.5,6.0,2.6,,6.08,,,15.75,,
1.4,1.75,,,,2.75,4.5,3.5,2.8,,3.58,,,9.0,,
5.4,7.0,,,,3.25,8.0,8.25,4.4,,6.5,,,18.25,,
4.6,7.5,,,,6.25,7.5,6.75,3.2,,6.83,,,21.25,,
3.0,,,4.5,5.25,,,,,,,,12.75,,,
3.8,7.0,,,,5.75,7.75,7.0,3.0,,6.83,,,20.5,,
3.6,7.0,,,,2.5,4.5,5.25,3.0,,4.08,,,14.0,,
4.4,6.25,,,,3.5,5.0,7.25,3.2,,5.25,,,14.75,,
5.2,8.0,,,,4.25,7.5,9.25,4.4,,7.0,,,19.75,,
4.2,6.0,,,,2.5,8.25,8.0,3.6,,6.25,,,16.75,,
3.0,2.75,,,,2.0,4.5,,,,,,,9.25,,
,7.5,,,,4.25,7.25,,,,,,,19.0,,
4.2,6.25,,,,3.0,6.5,7.0,3.8,,5.5,,,15.75,,
2.8,3.25,,,,2.75,4.5,6.5,2.4,,4.58,,,10.5,,
5.0,3.0,4.25,4.5,6.5,,,,3.2,5.08,,13.75,16.0,,,12.45
2.4,2.75,,,,2.75,4.0,6.25,2.6,,4.33,,,9.5,,
2.2,2.0,,,,2.5,4.5,5.0,2.2,,4.0,,,9.0,,
1.6,5.75,,,,2.75,4.5,5.5,2.8,,4.25,,,13.0,,
1.8,2.5,,,,2.25,3.5,6.5,2.2,,4.08,,,8.25,,
4.4,5.75,,,,3.0,5.0,7.5,2.8,,5.17,,,13.75,,
2.2,4.0,2.75,2.5,3.5,,,,1.8,2.92,,7.45,8.2,,8.0,6.75
3.4,5.0,3.5,1.75,4.0,2.0,5.0,7.0,2.4,3.08,4.67,8.65,9.15,12.0,,9.3
3.6,6.25,,,,2.5,5.0,6.5,1.4,,4.67,,,13.75,,
6.6,4.5,6.5,7.25,4.5,,,,4.4,6.08,,20.35,18.35,,,17.5
6.2,7.75,,,,3.75,8.5,8.0,7.6,,6.75,,,20.0,,
6.2,6.5,5.75,6.75,6.25,,,,3.6,6.25,,18.7,19.2,,,15.55
6.2,7.75,,,,3.25,7.5,8.75,7.2,,6.5,,,18.5,,
3.6,6.75,,,,3.25,5.5,5.0,2.8,,4.58,,,15.5,,
7.6,6.5,8.75,3.5,3.75,,,,7.6,5.33,,19.85,14.85,,,23.95
6.4,8.75,,,,3.75,5.25,7.5,5.8,,5.5,,,17.75,,
7.0,6.0,7.75,5.75,4.25,,,,5.0,5.92,,20.5,17.0,,18.0,19.75
6.2,9.0,3.5,4.25,4.5,,,,8.8,4.08,,13.95,14.95,,24.0,18.5
5.0,4.25,7.75,6.75,5.75,,,,4.8,6.75,,19.5,17.5,,,17.55
6.2,8.5,5.5,4.25,6.25,,,,7.2,5.33,,15.95,16.7,,,18.9
4.6,3.25,4.25,4.75,4.5,,,,3.0,4.5,,13.6,13.85,,,11.85
7.2,8.5,6.5,2.75,5.0,,,,9.4,4.75,,16.45,14.95,,,23.1
5.6,8.5,4.5,3.75,4.25,,,,3.6,4.17,,13.85,13.6,,,13.7
5.6,7.0,5.0,7.0,2.25,,,,6.0,4.75,,17.6,14.85,,,16.6
3.6,4.5,,,,6.25,7.5,8.5,2.6,,7.42,,,18.25,,
4.0,5.0,,,,4.0,6.0,6.75,2.8,,5.58,,,15.0,,
2.8,5.5,,,,4.0,5.25,7.5,2.8,,5.58,,,14.75,,
4.0,4.5,,,,2.0,6.5,6.5,3.2,,5.0,,,13.0,,
4.4,7.25,,,,4.75,5.25,7.25,3.0,,5.75,,,17.25,,
4.0,6.5,,,,4.75,5.75,6.25,2.2,,5.58,,,17.0,,
3.6,6.5,,,,3.5,6.0,7.25,2.6,,5.58,,,16.0,,
4.2,6.25,,,,3.5,6.25,7.5,2.8,,5.75,,,16.0,,
2.8,5.5,,,,3.75,6.25,8.0,3.0,,6.0,,,15.5,,
3.0,6.25,,,,2.5,5.25,,,,,,,14.0,,
3.0,3.75,,,,3.25,4.5,,,,,,,11.5,,
2.2,4.75,,,,2.25,4.25,,,,,,,11.25,,
1.8,1.5,,,,2.5,3.75,,,,,,,7.75,,
2.4,1.75,,,,3.25,3.5,,,,,,,8.5,,
2.4,4.5,,,,4.0,3.75,,,,,,,12.25,,
5.2,3.25,,,,4.5,5.25,,,,,,,13.0,,
4.0,5.5,,,,4.75,7.25,,,,,,,17.5,,
2.4,3.0,,,,3.25,4.25,,,,,,,10.5,,
5.0,4.5,,,,3.0,4.25,,,,,,,11.75,,
2.0,3.75,,,,2.0,6.0,,,,,,,11.75,,
2.4,3.0,,,,2.5,4.75,,,,,,,10.25,,
4.4,7.5,,,,6.25,7.75,7.75,2.8,,7.25,,,21.5,,
6.2,8.0,,,,2.75,6.75,7.0,3.8,,5.5,,,17.5,18.0,
2.4,7.5,,,,4.75,4.75,6.0,3.6,,5.17,,,17.0,,
5.6,8.0,,,,3.5,6.5,7.5,5.8,,5.83,,,18.0,,
6.8,5.0,,,,4.25,6.25,6.75,,,5.75,,,15.5,,
4.4,7.75,,,,7.0,8.75,8.75,3.4,,8.17,,,23.5,,
4.6,8.25,,,,6.5,7.75,7.25,6.0,,7.17,,,22.5,,
6.0,8.75,,,,5.0,5.5,7.5,5.0,,6.0,,,19.25,,
4.0,7.25,,,,4.0,6.0,6.75,3.4,,5.58,,,17.25,,
3.2,4.0,,,,3.5,5.25,6.5,3.8,,5.08,,,12.75,11.0,
4.0,4.75,,,,2.75,6.75,6.25,2.8,,5.25,,,14.25,,
4.4,5.75,,,,3.75,6.5,7.0,4.8,,5.75,,,16.0,,
4.8,5.5,,,,3.75,5.75,6.0,6.2,,5.17,,,15.0,,
3.0,3.25,,,,2.75,5.25,7.5,5.8,,5.17,,,11.25,,
3.2,3.0,,,,2.0,3.0,5.5,2.8,,3.5,,,8.0,9.0,
5.4,5.5,,,,3.5,5.0,9.0,3.6,,5.83,,,14.0,,
5.2,6.75,,,,4.25,5.5,7.0,3.4,,5.58,,,16.5,,
2.4,6.5,,,,4.75,6.0,4.75,2.6,,5.17,,,17.25,,
4.4,6.5,,,,5.75,5.25,7.25,3.6,,6.08,,,17.5,,
1.6,1.5,,,,2.25,3.25,4.75,2.0,,3.42,,,7.0,,
3.4,5.75,,,,3.5,5.5,5.5,2.6,,4.83,,,14.75,,
,5.5,,,,4.75,6.0,,,,,,,16.25,,
,7.0,,,,4.5,6.0,,,,,,,17.5,,
3.0,7.0,,,,4.75,,,,,,,,,,
4.4,7.75,,,,7.75,2.25,,,,,,,17.75,,
5.4,9.0,,,,8.0,1.0,,,,,,,18.0,,
4.8,8.5,,,,5.5,5.0,,,,,,,19.0,,
5.6,6.25,5.5,3.0,6.0,,,,3.6,4.83,,14.1,14.6,,,14.7
7.4,5.0,6.75,6.25,5.5,,,,3.2,6.17,,20.4,19.15,,,17.35
4.6,6.5,5.0,3.75,3.5,,,,6.4,4.08,,13.35,11.85,,,16.0
2.8,4.25,,,,3.0,1.75,5.5,2.6,,3.42,,,9.0,,
3.4,3.0,3.0,3.25,3.0,,,,2.6,3.08,,9.65,9.65,,9.0,9.0
6.2,3.75,3.25,6.0,5.0,,,,3.6,4.75,,15.45,17.2,,,13.05
6.2,6.0,7.0,5.5,5.0,,,,2.8,5.83,,18.7,16.7,,15.0,16.0
3.8,7.0,,,,4.75,5.75,6.5,3.6,,5.67,,,17.5,,
6.4,6.75,5.0,3.5,4.5,,,,4.0,4.33,,14.9,14.4,,,15.4
5.4,7.5,5.0,2.75,4.75,,,,2.6,4.17,,13.15,12.9,,,13.0
6.8,3.75,7.25,2.5,3.5,,,,5.8,4.42,,16.55,12.8,,,19.85
5.4,5.5,4.5,7.25,5.25,,,,6.2,5.67,,17.15,17.9,,,16.1
6.2,6.0,6.25,5.25,4.0,,,,4.4,5.17,,17.7,15.45,,,16.85
3.8,7.0,,,,6.25,6.5,7.75,2.8,,6.83,,,19.75,,
4.0,5.75,,,,4.25,4.5,7.25,3.2,,5.33,,,14.5,,
4.2,6.75,,,,4.0,4.75,6.25,3.6,,5.0,,,15.5,,
4.4,6.0,,,,3.5,4.5,7.75,2.8,,5.25,,,14.0,,
7.2,7.0,6.75,4.75,7.0,,,,6.0,6.17,,18.7,18.95,,,19.95
6.0,6.75,4.5,6.0,4.5,,,,2.2,5.0,,16.5,16.5,,,12.7
3.0,4.5,,,,2.75,5.0,6.5,6.2,,4.75,,,12.25,,
5.6,4.25,5.5,5.0,5.5,,,,4.0,5.33,,16.1,16.1,,,15.1
4.4,4.5,,,,4.75,6.5,6.75,4.4,,6.0,,,15.75,,
2.6,5.5,,,,3.5,5.0,6.25,3.6,,4.92,,,14.0,,
4.8,6.5,2.25,4.25,5.25,,,,2.2,3.92,,11.3,14.3,,,9.25
4.2,6.5,,,,4.0,5.5,7.25,5.0,,5.58,,,16.0,,
2.0,5.5,,,,2.25,5.5,6.75,1.6,,4.83,,,13.25,,
,6.5,,,,,5.5,7.25,3.0,,,,,,,
3.0,1.25,,,,2.75,5.0,5.5,2.0,,4.42,,,9.0,,
2.6,3.5,,,,3.5,6.75,7.75,2.8,,6.0,,,13.75,,
3.2,2.5,,,,3.5,3.75,5.5,2.2,,4.25,,,9.75,,
3.2,2.75,,,,5.25,4.5,,,,,,,12.5,,
3.4,3.0,,,,3.75,3.5,,,,,,,10.25,,
,5.75,,,,5.25,6.0,,,,,,,17.0,,
3.8,3.25,,,,2.5,5.25,,,,,,,11.0,,
3.2,3.75,,,,4.25,4.75,,,,,,,12.75,,
4.0,2.5,,,,3.25,5.25,,,,,,,11.0,,
4.8,6.25,,,,5.25,5.25,9.5,3.2,,6.67,,,16.75,,
4.0,4.0,3.5,2.75,2.75,,,,4.0,3.0,,10.25,9.5,,12.0,11.5
3.2,2.25,,,,3.0,4.0,,,,,,,9.25,,
4.2,5.25,,,,4.0,5.5,,,,,,,14.75,,
2.8,6.5,,,,3.75,4.5,6.75,2.2,,5.0,,,14.75,,
2.8,7.25,,,,5.0,,,,,,,,,,
1.8,5.25,,,,4.5,2.25,,,,,,,12.0,,
6.2,8.0,5.0,3.75,4.25,,,,5.2,4.33,,14.95,14.2,,,16.4
4.4,6.5,,,,2.25,4.0,6.25,2.4,,4.17,,,12.75,,
6.8,8.25,,,,7.75,2.25,,,,,,,18.25,,
3.2,5.5,,,,4.25,,,,,,,,,,
6.0,5.75,,,,6.75,,,,,,,,,,
5.8,6.5,3.5,5.5,3.75,,,,3.4,4.25,,14.8,15.05,,,12.7
4.4,3.75,,,,4.5,,,,,,,,,,
5.6,8.75,,,,5.0,,,,,,,,,,
7.8,7.0,7.75,2.75,4.0,,,,7.8,4.83,,18.3,14.55,,,23.35
6.6,7.75,,,,,,,4.6,,,,,,,
6.6,8.0,,,,5.25,3.75,,,,,,,17.0,,
2.2,6.25,,,,4.0,7.0,7.25,3.8,,6.08,,,17.25,,
5.0,6.75,,,,4.5,7.0,8.0,2.2,,6.5,,,18.25,,
4.4,5.75,,,,4.25,7.75,7.25,2.6,,6.42,,,17.75,,
4.2,5.0,,,,3.5,6.25,8.0,2.2,,5.92,,,14.75,,
4.0,5.25,,,,4.5,6.5,7.5,3.0,,6.17,,,16.25,,
4.0,5.25,,,,2.75,5.25,7.25,2.4,,5.08,,,13.25,,
2.8,1.75,,,,1.0,4.5,5.75,1.4,,3.75,,,7.25,,
5.0,6.0,,,,4.0,6.25,7.5,2.0,,5.92,,,16.25,13.0,
3.4,8.0,,,,5.75,5.5,7.0,2.0,,6.08,,,19.25,,
2.2,4.0,,,,2.75,4.25,6.25,2.0,,4.42,,,11.0,,
3.8,3.25,,,,3.0,5.0,7.25,3.4,,5.08,,,11.25,,
3.0,6.75,,,,3.75,6.0,7.5,3.0,,5.75,,,16.5,,
5.4,7.25,,,,4.0,4.75,8.0,3.2,,5.58,,,16.0,,
3.0,5.5,,,,4.0,5.75,7.75,2.2,,5.83,,,15.25,,
6.0,4.75,5.25,3.75,4.0,,,,5.4,4.33,,15.0,13.75,,,16.65
1.8,5.5,3.25,2.25,3.0,,,,3.2,2.83,,7.3,7.05,,,8.25
5.0,6.25,4.5,2.25,4.0,,,,4.4,3.58,,11.75,11.25,,,13.9
2.4,3.75,,,,3.25,4.25,,,,,,,11.25,,
3.0,3.75,,,,3.75,5.5,7.25,3.2,,5.5,,,13.0,,
6.6,6.25,7.5,5.75,5.0,,,,4.8,6.08,,19.85,17.35,,,18.9
3.2,3.5,,,,3.75,6.25,6.25,2.4,,5.42,,,13.5,,
2.6,3.25,,,,3.25,5.0,5.75,3.8,,4.67,,,11.5,,
4.6,3.5,,,,2.0,5.0,7.5,4.2,,4.83,,,10.5,,
2.4,5.0,,,,3.25,7.5,7.75,2.2,,6.17,,,15.75,,
6.6,7.5,6.25,6.0,3.25,,,,4.0,5.17,,18.85,15.85,,,16.85
2.8,2.25,,,,2.75,5.0,,,,,,,10.0,,
3.4,2.0,,,,2.5,3.0,4.0,2.0,,3.17,,,7.5,,
5.2,8.25,,,,3.0,4.75,9.0,3.0,,5.58,,,16.0,,
1.8,2.5,,,,2.5,3.5,,,,,,,8.5,,
3.2,4.25,,,,4.5,5.5,,,,,,,14.25,,
3.2,3.25,,,,4.0,5.75,,,,,,,13.0,,
,7.75,,,,7.75,7.25,,,,,,,22.75,,
3.0,4.0,,,,4.75,4.75,6.5,4.2,,5.33,,,13.5,,
,6.25,,,,6.5,7.25,,,,,,,20.0,,
2.6,4.25,,,,3.25,4.25,4.5,3.0,,4.0,,,11.75,,
2.8,3.5,,,,1.75,5.25,,,,,,,10.5,,
5.6,7.5,,,,5.75,7.25,7.0,3.2,,6.67,,,20.5,,
4.2,4.5,,,,4.0,6.5,7.5,3.0,,6.0,,,15.0,,
3.4,2.0,,,,2.5,4.5,,,,,,,9.0,,
3.6,5.25,,,,4.25,6.5,7.25,2.8,,6.0,,,16.0,,
4.6,6.0,,,,5.5,6.5,8.0,3.6,,6.67,,,18.0,,
4.8,7.0,3.5,4.5,4.5,,,,1.0,4.17,,12.8,13.8,,,9.3
4.0,6.5,,,,5.0,5.25,7.75,2.0,,6.0,,,16.75,,
4.6,5.75,,,,4.75,6.0,7.5,3.2,,6.08,,,16.5,,
4.4,5.0,,,,2.25,4.25,,,,,,,11.5,,
4.8,7.25,6.5,5.25,4.25,,,,4.8,5.33,,16.55,14.3,,,16.1
4.2,5.5,,,,4.75,2.5,6.0,2.6,,4.42,,,12.75,,
2.4,6.25,,,,2.25,4.75,6.5,2.4,,4.5,,,13.25,,
,7.5,,,,6.25,7.75,,,,,,,21.5,,
6.0,6.0,2.75,6.25,6.25,,,,2.4,5.08,,15.0,18.5,,,11.15
2.8,4.25,,,,2.0,5.25,6.5,3.2,,4.58,,,11.5,,
3.0,2.0,,,,2.75,3.25,5.0,2.6,,3.67,,,8.0,,
5.6,6.25,,,,5.0,7.25,8.75,5.0,,7.0,,,18.5,,
2.4,2.75,,,,2.75,5.0,5.5,1.8,,4.42,,,10.5,,
2.0,5.0,,,,3.0,2.75,6.5,3.0,,4.08,,,10.75,10.0,
3.8,4.75,,,,3.0,4.75,8.0,3.4,,5.25,,,12.5,,
3.4,6.0,,,,4.0,6.0,8.0,4.0,,6.0,,,16.0,,
3.4,5.25,,,,7.25,8.75,8.0,2.4,,8.0,,,21.25,,
3.4,5.5,,,,2.5,4.75,6.25,2.4,,4.5,,,12.75,,
2.0,4.0,,,,2.5,3.5,3.75,1.6,,3.25,,,10.0,,
2.4,6.5,,,,3.0,6.5,7.75,3.4,,5.75,,,16.0,,
2.8,5.75,,,,4.0,6.5,9.0,3.4,,6.5,,,16.25,,
3.8,6.75,,,,2.75,4.25,7.75,2.4,,4.92,,,13.75,,
3.8,6.0,,,,3.5,5.25,7.0,3.8,,5.25,,,14.75,,
2.8,3.0,,,,4.0,4.75,5.25,2.2,,4.67,,,11.75,8.0,
3.8,6.0,,,,4.5,5.25,6.5,2.2,,5.42,,,15.75,12.0,
5.2,6.25,,,,2.75,7.25,7.0,1.6,,5.67,,,16.25,,
4.2,6.5,,,,6.5,5.75,8.75,2.2,,7.0,,,18.75,,
3.0,5.25,,,,4.0,6.5,6.25,2.8,,5.58,,,15.75,,
3.6,7.75,,,,4.0,6.5,9.25,3.6,,6.58,,,18.25,,
4.4,3.5,,,,3.75,5.25,4.0,2.4,,4.33,,,12.5,,
4.0,4.75,,,,4.75,5.5,7.0,3.8,,5.75,,,15.0,,
3.6,6.5,,,,4.0,7.0,7.75,3.0,,6.25,,,17.5,,
2.8,7.0,,,,3.0,4.25,,,,,,,14.25,,
,3.75,,,,3.25,4.25,,,,,,,11.25,,
4.2,4.75,,,,2.25,4.25,5.5,3.6,,4.0,,,11.25,,
2.0,4.75,,,,2.5,4.5,4.75,3.2,,3.92,,,11.75,,
2.4,3.5,,,,2.75,5.25,4.25,2.2,,4.08,,,11.5,,
6.2,7.5,,,,7.25,8.0,8.75,2.6,,8.0,,,22.75,,
3.8,6.5,,,,2.0,6.25,6.25,2.6,,4.83,,,14.75,,
2.8,5.75,,,,2.75,5.25,7.0,1.4,,5.0,,,13.75,,
5.6,7.5,,,,5.0,7.0,8.25,3.2,,6.75,,,19.5,,
4.0,5.5,,,,4.25,6.25,7.75,2.0,,6.08,,,16.0,,
3.8,7.75,,,,5.5,5.25,7.75,3.4,,6.17,,,18.5,,
6.6,,5.5,4.5,,,,,,,,16.6,,,,
3.0,4.5,,,,3.0,5.75,6.5,2.2,,5.08,,,13.25,,
3.4,7.25,,,,4.0,5.5,,,,,,,16.75,,
4.4,6.25,,,,4.25,7.5,8.25,2.6,,6.67,,,18.0,,
4.2,7.25,,,,6.25,6.25,8.25,2.4,,6.92,,,19.75,,
2.6,3.5,,,,1.5,4.5,,,,,,,9.5,,
4.6,7.0,,,,4.0,6.5,,,,,,,17.5,,
4.2,6.5,,,,4.0,5.5,7.25,2.4,,5.58,,,16.0,,
3.8,6.75,,,,3.5,5.5,7.25,2.4,,5.42,,,15.75,,
3.8,7.0,,,,3.25,4.75,7.5,1.8,,5.17,,,15.0,,
2.2,4.0,,,,3.0,3.25,,,,,,,10.25,,
3.0,8.0,,,,3.75,7.75,7.75,3.4,,6.42,,,19.5,,
4.6,7.0,,,,4.25,6.5,7.75,4.2,,6.17,,,17.75,,
3.2,2.5,,,,3.75,5.0,,,,,,,11.25,,
3.4,5.0,,,,3.75,5.25,6.25,2.6,,5.08,,,14.0,11.0,
2.0,,1.0,2.25,,,,,,,,5.25,,,,
3.4,2.5,,,,2.5,5.0,4.5,2.8,,4.0,,,10.0,,
,8.5,,,,4.25,7.25,,,,,,,20.0,,
6.0,5.25,4.0,5.25,6.0,,,,2.6,5.08,,15.25,17.25,,,12.6
1.8,1.25,,,,2.25,3.75,,,,,,,7.25,,
3.6,5.25,,,,2.0,4.0,5.25,2.2,,3.75,,,11.25,,
4.6,7.25,,,,3.25,8.0,8.0,1.8,,6.42,,,18.5,,
3.0,5.25,,,,4.0,5.75,6.75,2.4,,5.5,,,15.0,,
5.2,6.5,,,,4.0,6.5,9.0,2.4,,6.5,,,17.0,,
2.0,7.75,,,,4.25,,,,,,,,,,
3.6,5.75,,,,3.0,5.0,8.0,3.0,,5.33,,,13.75,,
3.4,5.25,,,,3.75,6.5,7.25,2.6,,5.83,,,15.5,,
4.2,7.25,,,,3.0,4.5,7.25,3.4,,4.92,,,14.75,,
4.0,2.25,,,,1.75,4.0,3.5,3.4,,3.08,,,8.0,,
3.8,5.25,,,,4.0,4.25,5.75,2.8,,4.67,,,13.5,,
5.2,6.75,,,,4.75,6.5,8.0,4.0,,6.42,,,18.0,,
1.8,2.0,,,,4.0,4.5,,,,,,,10.5,,
1.8,4.75,,,,2.75,4.5,6.25,2.2,,4.5,,,12.0,,
4.6,5.0,,,,4.0,5.0,5.75,2.2,,4.92,,,14.0,,
2.4,3.0,,,,2.75,4.25,4.25,2.6,,3.75,,,10.0,8.0,
4.2,7.25,,,,5.75,4.75,8.75,4.4,,6.42,,,17.75,,
2.6,5.5,,,,4.25,5.25,5.5,2.0,,5.0,,,15.0,,
3.0,3.25,,,,3.0,4.5,4.75,3.0,,4.08,,,10.75,,
,6.5,,,,5.75,8.5,,,,,,,20.75,,
4.6,7.25,,,,4.75,5.5,8.5,4.2,,6.25,,,17.5,,
3.2,6.25,,,,4.25,4.75,,,,,,,15.25,,
4.6,6.5,,,,4.75,6.25,8.5,2.6,,6.5,,,17.5,,
1.2,4.0,,,,4.25,5.5,6.75,1.6,,5.5,,,13.75,,
4.4,7.0,,,,4.5,4.5,8.0,3.0,,5.67,,,16.0,,
4.0,6.5,,,,4.25,6.0,8.75,3.0,,6.33,,,16.75,,
3.6,6.5,,,,4.5,6.0,8.5,3.6,,6.33,,,17.0,,
3.6,7.75,,,,3.25,7.0,8.5,2.6,,6.25,,,18.0,,
4.2,3.75,,,,3.25,6.0,,,,,,,13.0,,
1.6,3.5,,,,2.75,5.25,,,,,,,11.5,,
3.6,,,3.75,4.25,,,,,,,,11.6,,,
6.0,7.0,4.75,6.0,5.0,,,,3.0,5.25,,16.75,17.0,,16.0,13.75
7.2,,7.75,,,,,,5.6,,,,,,,20.55
2.8,7.5,,,,3.5,5.25,7.5,3.0,,5.42,,,16.25,,
2.4,4.75,,,,2.5,4.75,6.25,1.2,,4.5,,,12.0,,
4.0,6.0,,,,3.75,6.0,6.5,3.2,,5.42,,,15.75,,
2.8,2.75,,,,2.75,3.0,,,,,,,8.5,,
3.4,2.0,,,,3.5,3.5,,,,,,,9.0,,
2.8,4.5,2.5,4.25,4.25,,,,2.2,3.67,,9.55,11.3,,,7.5
2.4,2.5,,,,2.5,5.5,,,,,,,10.5,,
6.2,6.25,6.5,5.0,4.5,,,,3.2,5.33,,17.7,15.7,,,15.9
2.2,7.0,,,,7.5,7.0,7.75,2.6,,7.42,,,21.5,,
4.4,6.0,,,,4.0,4.5,4.5,2.2,,4.33,,,14.5,,
2.0,6.25,,,,1.5,4.5,6.25,3.4,,4.08,,,12.25,,
2.0,3.75,,,,2.75,4.75,5.25,2.6,,4.25,,,11.25,,
3.2,7.25,,,,5.0,5.5,8.0,3.0,,6.17,,,17.75,,
3.8,5.25,,,,3.0,6.0,7.75,3.0,,5.58,,,14.25,,
4.2,7.75,,,,5.5,5.75,6.75,3.8,,6.0,,,19.0,,
4.2,3.5,,,,2.25,5.0,5.5,1.6,,4.25,,,10.75,,
4.0,4.5,,,,4.75,5.5,8.0,3.2,,6.08,,,14.75,,
2.6,3.25,,,,3.25,3.25,5.75,3.2,,4.08,,,9.75,,
3.2,3.75,,,,2.5,4.0,4.25,2.8,,3.58,,,10.25,,
3.0,6.5,,,,3.25,5.75,6.75,2.4,,5.25,,,15.5,,
2.6,3.5,,,,2.75,3.0,6.5,3.2,,4.08,,,9.25,,
1.4,5.5,,,,1.5,3.0,4.25,2.2,,2.92,,,10.0,,
6.0,6.0,,,,,,,7.4,,,,,,,
2.4,3.0,,,,2.25,4.0,,,,,,,9.25,,
3.4,3.5,,,,2.5,3.5,,,,,,,9.5,,
4.6,7.25,,,,4.0,4.75,8.0,6.8,,5.58,,,16.0,,
,6.0,,,,6.75,7.75,,,,,,,20.5,,
4.4,6.25,,,,3.5,6.75,7.5,3.6,,5.92,,,16.5,,
2.6,3.5,,,,2.5,4.0,7.75,1.8,,4.75,,,10.0,,
3.2,7.75,,,,4.5,7.75,7.0,3.0,,6.42,,,20.0,,
5.4,7.25,,,,3.75,5.5,7.5,2.4,,5.58,,,16.5,,
6.2,4.0,4.25,7.0,6.25,,,,2.8,5.83,,17.45,19.45,,13.0,13.25
7.2,5.5,6.25,5.0,3.75,,,,4.8,5.0,,18.45,15.95,,,18.25
6.2,7.25,3.75,7.0,5.25,,,,4.4,5.33,,16.95,18.45,,,14.35
5.4,6.5,6.0,4.25,4.5,,,,6.0,4.92,,15.65,14.15,,,17.4
4.6,7.5,,,,4.0,9.0,8.0,4.4,,7.0,,,20.5,,
4.6,6.5,,,,3.75,6.25,7.5,3.6,,5.83,,,16.5,,
2.6,5.5,,,,2.75,3.25,5.25,2.8,,3.75,,,11.5,,
3.8,7.25,,,,4.0,6.25,8.25,2.8,,6.17,,,17.5,,
4.6,7.0,,,,4.75,7.75,8.5,2.8,,7.0,,,19.5,,
5.0,7.5,5.25,4.5,6.0,,,,4.0,5.25,,14.75,15.5,,,14.25
5.8,7.75,,,,6.5,6.0,8.5,3.8,,7.0,,,20.25,,
4.8,7.75,,,,5.0,5.5,7.75,2.2,,6.08,,,18.25,,
4.2,7.5,,,,5.5,6.0,7.75,4.4,,6.42,,,19.0,,
5.0,5.25,,,,3.5,6.25,7.0,3.0,,5.58,,,15.0,,
2.8,7.0,,,,5.0,5.75,7.25,3.0,,6.0,,,17.75,,
8.0,7.0,8.5,3.75,5.0,,,,8.6,5.75,,20.25,16.75,,,25.1
1.8,6.0,,,,3.75,6.75,7.25,2.6,,5.92,,,16.5,,
4.2,7.25,,,,3.75,5.0,5.75,2.8,,4.83,,,16.0,,
4.8,7.0,,,,5.0,6.5,8.75,2.2,,6.75,,,18.5,14.0,
3.6,3.5,,,,4.0,7.75,7.5,4.2,,6.42,,,15.25,,
5.4,6.75,,,,5.5,6.75,7.75,4.0,,6.67,,,19.0,,
3.2,5.75,,,,3.0,5.5,6.25,2.0,,4.92,,,14.25,,
4.6,6.5,,,,3.5,6.25,8.5,2.6,,6.08,,,16.25,,
4.4,6.25,,,,3.0,6.75,8.25,2.6,,6.0,,,16.0,,
2.4,3.75,,,,2.75,6.0,6.25,2.4,,5.0,,,12.5,,
4.0,3.75,,,,3.75,6.0,8.75,3.0,,6.17,,,13.5,,
5.2,6.25,,,,4.75,6.0,7.5,2.2,,6.08,,,17.0,,
3.2,5.75,,,,2.5,5.75,7.0,3.8,,5.08,,,14.0,,
2.0,5.25,,,,1.5,5.5,5.75,1.6,,4.25,,,12.25,,
4.2,6.75,,,,3.25,6.0,7.5,2.8,,5.58,,,16.0,,
2.0,5.5,,,,3.75,6.25,7.25,2.2,,5.75,,,15.5,,
3.8,5.0,,,,4.25,6.5,8.75,3.4,,6.5,,,15.75,,
4.0,6.0,,,,5.75,7.0,8.25,2.6,,7.0,,,18.75,,
5.2,7.0,,,,4.25,5.25,7.5,3.0,,5.67,,,16.5,,
2.6,7.75,,,,5.25,7.25,8.5,2.6,,7.0,,,20.25,,
6.6,7.75,,,,5.0,6.75,7.75,7.6,,6.5,,,19.5,,
6.4,8.75,,,,3.0,5.75,8.75,8.2,,5.83,,,17.5,,
5.8,7.25,,,,3.75,5.75,8.5,9.2,,6.0,,,16.75,,
5.0,8.5,,,,2.0,6.0,6.75,3.6,,4.92,,,16.5,,
5.0,8.75,,,,4.25,5.0,7.75,7.6,,5.67,,,18.0,,
5.4,7.75,,,,3.25,5.25,7.5,,,5.33,,,16.25,,
6.2,8.5,,,,4.0,7.0,7.0,5.2,,6.0,,,19.5,,
3.6,8.0,,,,3.75,7.25,8.5,5.2,,6.5,,,19.0,,
3.8,6.25,,,,5.75,6.75,8.5,2.8,,7.0,,,18.75,,
4.2,6.0,,,,3.0,4.5,7.5,2.0,,5.0,,,13.5,,
2.8,4.75,,,,2.5,4.75,6.5,2.0,,4.58,,,12.0,,
6.2,7.75,,,,7.5,6.75,8.25,2.6,,7.5,,,22.0,,
2.0,4.25,,,,3.0,3.75,7.25,2.6,,4.67,,,11.0,,
2.2,4.75,,,,2.5,5.25,6.5,2.8,,4.75,,,12.5,,
2.8,2.5,,,,3.5,3.25,3.5,2.2,,3.42,,,9.25,,
5.4,8.75,,,,8.75,8.25,8.75,3.8,,8.58,,,25.75,,
4.6,6.5,,,,7.75,4.25,,,,,,,18.5,,
2.8,6.75,,,,3.0,2.75,,,,,,,12.5,,
2.8,3.25,,,,1.75,,,,,,,,,,
5.6,8.75,,,,7.75,,,,,,,,,,
5.6,7.75,,,,5.25,,,,,,,,,,
6.8,7.0,,,,6.0,2.5,,,,,,,15.5,,
2.4,5.5,,,,3.25,,,,,,,,,,
6.4,7.75,,,,,,,7.8,,,,,,,
5.0,6.75,,,,6.0,3.25,,,,,,,16.0,,
5.4,6.0,,,,6.25,3.0,,4.8,,,,,15.25,,
4.2,7.75,,,,7.25,6.75,8.5,3.8,,7.5,,,21.75,,
2.6,5.75,,,,3.25,6.5,7.75,2.2,,5.83,,,15.5,,
3.6,5.5,,,,5.0,6.5,7.5,1.8,,6.33,,,17.0,,
3.6,5.5,,,,3.25,5.5,7.0,3.2,,5.25,,,14.25,,
4.2,6.75,,,,3.25,5.0,5.5,7.2,,4.58,,,15.0,,
3.0,6.0,,,,3.25,7.0,7.0,3.0,,5.75,,,16.25,12.0,
2.2,3.0,,,,5.75,4.25,7.25,2.4,,5.75,,,13.0,,
6.4,8.5,,,,8.75,6.25,8.75,5.0,,7.92,,,23.5,,
4.2,8.75,,,,4.0,6.75,6.75,5.2,,5.83,,,19.5,,
2.2,4.25,,,,4.25,6.0,6.25,3.0,,5.5,,,14.5,,
6.0,7.25,5.25,3.75,5.5,,,,3.2,4.83,,15.0,15.25,,,14.45
3.4,6.0,,,,3.25,4.75,5.75,2.8,,4.58,,,14.0,,
3.8,7.5,,,,2.75,3.25,6.0,5.2,,4.0,,,13.5,,
6.2,4.5,,,,2.75,6.25,8.0,8.4,,5.67,,,13.5,,
4.2,5.0,,,,4.0,5.0,6.75,2.8,,5.25,,,14.0,12.0,
3.6,6.25,,,,3.25,6.25,7.0,2.2,,5.5,,,15.75,,
4.4,8.5,,,,6.0,7.5,8.0,4.8,,7.17,,,22.0,,
2.4,8.25,,,,4.0,6.25,6.75,4.0,,5.67,,,18.5,,
5.8,7.5,,,,5.5,6.75,6.25,5.0,,6.17,,,19.75,,
2.8,5.75,,,,3.0,4.0,5.75,3.2,,4.25,,,12.75,,
2.0,7.0,,,,3.0,5.75,7.25,4.0,,5.33,,,15.75,13.0,
5.6,6.5,,,,6.75,7.5,8.5,5.0,,7.58,,,20.75,,
5.2,7.5,,,,5.25,7.5,9.5,4.2,,7.42,,,20.25,,
5.4,5.75,,,,2.75,7.0,7.5,2.6,,5.75,,,15.5,,
4.8,5.5,,,,3.25,6.0,7.25,2.8,,5.5,,,14.75,,
4.2,6.25,,,,3.75,5.75,8.25,2.2,,5.92,,,15.75,,
2.6,6.25,,,,2.75,4.75,5.75,2.6,,4.42,,,13.75,,
4.2,4.5,,,,3.25,5.75,,,,,,,13.5,,
2.0,3.75,,,,1.75,5.75,,,,,,,11.25,,
2.4,1.75,,,,4.25,4.0,,,,,,,10.0,,
4.0,2.75,3.25,3.25,3.0,,,,2.6,3.17,,10.5,10.25,,,9.85
6.0,4.25,5.5,6.5,3.5,,,,3.6,5.17,,18.0,16.0,,,15.1
5.4,5.5,5.75,3.25,4.5,,,,3.0,4.5,,14.4,13.15,,,14.15
6.4,5.75,5.0,2.75,3.75,,,,6.4,3.83,,14.15,12.9,,,17.8
6.8,6.25,8.0,5.5,5.75,,,,6.2,6.42,,20.3,18.05,,,21.0
3.0,5.0,,,,2.0,5.5,7.0,3.2,,4.83,,,12.5,,
3.2,3.25,,,,1.75,3.25,5.0,1.8,,3.33,,,8.25,,
4.2,4.0,,,,4.0,5.0,5.0,4.0,,4.67,,,13.0,,
5.2,7.25,5.75,2.25,4.25,,,,6.8,4.08,,13.2,11.7,,,17.75
5.8,7.5,7.25,5.25,4.25,,,,6.0,5.58,,18.3,15.3,,,19.05
4.6,6.75,3.75,4.0,4.5,,,,4.4,4.08,,12.35,13.1,,,12.75
4.8,6.25,4.0,1.5,4.25,,,,3.0,3.25,,10.3,10.55,,,11.8
5.6,5.5,5.5,5.75,4.5,,,,4.6,5.25,,16.85,15.85,,,15.7
6.8,7.25,4.5,8.0,6.5,,,,2.8,6.33,,19.3,21.3,,,14.1
5.8,7.25,2.75,4.5,6.0,,,,3.8,4.42,,13.05,16.3,,,12.35
2.6,8.25,,,,4.0,8.0,7.75,2.8,,6.58,,,20.25,,
4.8,8.5,,,,,,,8.2,,,,,,,
5.8,6.75,6.0,4.75,4.5,,,,3.8,5.08,,16.55,15.05,,,15.6
3.4,7.0,,,,6.0,7.5,7.75,2.6,,7.08,,,20.5,13.0,
3.0,2.5,,,,2.25,4.0,,,,,,,8.75,,
5.8,5.0,,,,3.0,6.25,7.75,2.6,,5.67,,,14.25,,
,6.25,,,,5.0,5.75,,,,,,,17.0,,
6.0,6.75,,,,7.5,,,2.6,,,,,,,
4.0,6.0,,,,3.75,5.25,4.25,5.8,,4.42,,,15.0,,
3.4,4.25,,,,4.25,6.0,,,,,,,14.5,,
5.2,6.25,,,,3.5,6.5,7.75,3.6,,5.92,,,16.25,,
4.8,4.5,4.5,3.25,3.0,,,,8.8,3.58,,12.55,11.05,,,18.1
4.8,5.5,,,,4.5,7.0,8.0,5.2,,6.5,,,17.0,,
4.6,6.5,,,,6.0,1.75,,,,,,,14.25,,
7.6,8.25,,,,3.75,4.75,6.75,8.0,,5.08,,,16.75,,
5.8,8.25,,,,8.25,9.0,8.75,6.2,,8.67,,,25.5,,
5.2,7.0,,,,6.0,,,,,,,,,,
3.2,8.5,,,,5.0,,,,,,,,,,
6.8,8.75,,,,8.0,2.75,,,,,,,19.5,,
9.0,8.75,,,,1.75,4.5,5.5,9.4,,3.92,,,15.0,,
6.2,8.25,,,,4.5,7.0,9.0,2.0,,6.83,,,19.75,,
6.2,4.0,5.5,4.25,2.75,,,,3.8,4.17,,15.95,13.2,,14.0,15.5
2.0,4.5,,,,4.0,5.75,6.0,5.4,,5.25,,,14.25,,
1.6,5.25,,,,3.5,5.25,,,,,,,14.0,,
2.8,6.5,,,,2.5,6.25,7.0,2.2,,5.25,,,15.25,,
5.4,4.75,3.25,2.5,2.5,,,,5.2,2.75,,11.15,10.4,,,13.85
3.2,2.75,,,,3.5,3.75,5.25,4.4,,4.17,,,10.0,,
3.4,7.25,,,,3.25,5.0,6.0,2.0,,4.75,,,15.5,,
4.2,3.5,,,,4.5,4.25,6.0,2.6,,4.92,,,12.25,,
2.6,3.5,,,,5.0,6.5,6.75,5.8,,6.08,,,15.0,,
2.2,4.0,,,,2.75,4.25,7.75,3.2,,4.92,,,11.0,,
2.4,6.5,3.25,4.25,4.75,,,,2.8,4.08,,9.9,11.4,,,8.45
4.8,6.25,,,,3.25,5.5,7.5,2.0,,5.42,,,15.0,,
3.4,4.25,,,,2.75,6.5,5.5,2.8,,4.92,,,13.5,,
5.6,8.0,4.5,5.0,4.25,,,,3.2,4.58,,15.1,14.85,,,13.3
4.4,8.25,,,,8.0,8.0,8.25,5.4,,8.08,,,24.25,,
4.2,4.75,,,,3.75,5.75,7.5,3.2,,5.67,,,14.25,,
2.2,7.0,,,,4.5,6.25,8.0,2.0,,6.25,,,17.75,,
3.0,5.5,,,,3.0,4.25,7.25,2.0,,4.83,,,12.75,,
3.8,6.0,,,,3.25,4.75,6.25,2.0,,4.75,,,14.0,,
2.2,5.25,,,,3.25,7.0,7.5,3.2,,5.92,,,15.5,,
3.2,2.0,,,,3.0,3.5,2.5,2.6,,3.0,,,8.5,,
3.2,2.5,,,,2.5,5.5,4.75,2.0,,4.25,,,10.5,,
3.6,4.5,,,,1.75,2.75,4.0,3.2,,2.83,,,9.0,,
3.4,6.0,,,,3.75,5.5,,,,,,,15.25,,
5.0,8.25,,,,3.25,6.0,,4.4,,,,,17.5,,
2.4,4.0,,,,2.25,5.25,,,,,,,11.5,,
3.0,4.25,,,,3.5,5.5,,,,,,,13.25,,
5.8,7.25,,,,3.75,5.5,9.0,4.6,,6.08,,,16.5,,
4.0,5.75,,,,3.75,5.5,5.75,2.6,,5.0,,,15.0,,
2.0,6.0,,,,2.25,4.0,6.75,3.6,,4.33,,,12.25,,
4.2,7.0,,,,2.0,5.75,6.75,3.8,,4.83,,,14.75,15.0,
5.0,7.75,,,,7.0,8.0,7.5,4.4,,7.5,,,22.75,,
5.0,5.5,2.75,3.75,4.0,,,,3.0,3.5,,11.5,12.75,,,10.75
5.0,6.0,,,,5.0,7.0,9.25,2.2,,7.08,,,18.0,,
1.0,,,,,2.25,,,2.8,,,,,,,
3.2,4.0,,,,3.75,5.25,,,,,,,13.0,,
3.0,3.0,,,,3.5,4.5,6.25,2.6,,4.75,,,11.0,,
3.8,5.75,,,,2.75,7.25,7.25,2.6,,5.75,,,15.75,,
3.4,2.25,,,,1.25,6.25,,,,,,,9.75,,
1.8,3.5,,,,3.25,4.0,,,,,,,10.75,,
3.6,7.25,,,,5.25,6.25,8.25,2.8,,6.58,,,18.75,,
4.8,5.0,,,,3.5,5.75,7.75,2.4,,5.67,,,14.25,,
2.6,4.0,,,,3.5,6.75,,,,,,,14.25,,
4.2,5.25,,,,5.0,6.0,8.5,3.4,,6.5,,,16.25,,
2.2,3.5,,,,4.0,4.5,,,,,,,12.0,,
4.4,3.5,,,,3.25,5.75,5.75,2.4,,4.92,,,12.5,,
2.4,3.25,,,,2.75,2.75,,,,,,,8.75,,
6.4,7.5,,,,,,,3.8,,,,,,,
3.2,6.5,,,,3.25,4.5,5.25,1.8,,4.33,,,14.25,,
1.8,3.75,,,,2.25,2.75,3.5,2.4,,2.83,,,8.75,,
4.2,5.0,,,,1.75,5.0,6.5,2.6,,4.42,,,11.75,,
4.0,6.25,,,,3.0,5.5,7.25,2.4,,5.25,,,14.75,,
3.6,4.5,,,,3.25,4.5,7.25,2.8,,5.0,,,12.25,,
3.2,3.5,3.0,3.25,5.75,,,,4.4,4.0,,9.45,12.2,,,10.6
2.4,7.0,,,,2.75,5.5,7.0,2.8,,5.08,,,15.25,,
,6.0,,,,5.5,8.0,,,,,,,19.5,,
2.2,4.5,,,,3.25,5.0,,,,,,,12.75,,
5.0,6.5,,,,5.0,7.0,8.5,2.8,,6.83,,,18.5,,
4.6,7.5,,,,4.75,6.25,7.0,4.2,,6.0,,,18.5,,
2.0,4.5,,,,1.75,5.75,7.25,1.8,,4.92,,,12.0,,
4.6,8.0,,,,7.0,,,,,,,,,,
3.0,5.75,,,,3.0,3.5,5.25,2.0,,3.92,,,12.25,,
2.4,3.5,,,,4.0,5.0,5.0,3.2,,4.67,,,12.5,,
5.2,6.75,,,,6.0,6.75,9.5,7.0,,7.42,,,19.5,,
7.6,7.75,,,,8.75,,,,,,,,,,
1.8,4.25,,,,4.5,5.0,6.0,2.8,,5.17,,,13.75,,
2.6,6.75,,,,3.5,6.25,7.5,1.8,,5.75,,,16.5,,
3.0,4.75,,,,4.0,6.0,7.0,2.0,,5.67,,,14.75,,
1.4,4.5,,,,4.0,6.5,5.75,2.4,,5.42,,,15.0,,
3.2,5.75,,,,7.0,6.75,8.0,3.8,,7.25,,,19.5,,
4.0,6.0,,,,3.5,6.0,6.75,3.6,,5.42,,,15.5,,
5.8,8.5,,,,6.25,7.25,9.25,3.0,,7.58,,,22.0,,
3.4,5.75,,,,3.0,6.0,,,,,,,14.75,,
4.6,6.0,,,,2.5,5.75,6.5,2.8,,4.92,,,14.25,,
4.8,7.0,,,,6.0,7.0,9.0,2.4,,7.33,,,20.0,,
3.0,3.0,,,,3.75,4.75,,,,,,,11.5,,
3.6,5.5,,,,3.25,4.75,7.25,3.8,,5.08,,,13.5,,
,7.0,,,,6.5,8.0,,,,,,,21.5,,
4.4,6.5,,,,2.75,6.75,8.5,2.6,,6.0,,,16.0,,
4.0,5.5,,,,2.75,3.75,8.0,3.0,,4.83,,,12.0,,
1.4,1.5,,,,3.5,3.5,5.25,2.6,,4.08,,,8.5,,
6.4,6.0,4.75,4.25,4.5,,,,2.4,4.5,,15.4,15.15,,,13.55
5.4,3.75,,,,2.75,4.75,6.25,3.2,,4.58,,,11.25,,
1.6,7.0,,,,3.0,6.25,7.5,2.8,,5.58,,,16.25,,
6.6,5.75,5.5,5.5,4.25,,,,2.8,5.08,,17.6,16.35,,,14.9
4.2,6.75,,,,4.0,5.75,8.0,2.6,,5.92,,,16.5,,
2.6,3.0,,,,2.25,3.0,3.75,3.2,,3.0,,,8.25,,
4.8,7.75,,,,4.5,8.75,8.5,3.0,,7.25,,,21.0,,
3.6,5.25,,,,4.0,6.75,7.75,3.2,,6.17,,,16.0,,
4.0,6.5,,,,5.25,6.5,8.75,2.0,,6.83,,,18.25,,
3.0,6.5,,,,3.25,5.75,7.75,2.0,,5.58,,,15.5,,
2.6,8.25,,,,3.25,6.0,8.0,3.2,,5.75,,,17.5,,
3.8,6.25,,,,3.0,5.75,5.25,4.0,,4.67,,,15.0,,
4.0,5.75,,,,4.25,7.0,8.0,3.8,,6.42,,,17.0,,
3.6,5.0,,,,3.75,6.25,7.75,2.6,,5.92,,,15.0,,
4.2,7.25,,,,3.0,6.25,7.5,4.2,,5.58,,,16.5,,
2.8,3.75,,,,4.0,6.75,7.75,1.0,,6.17,,,14.5,,
2.4,4.5,,,,3.75,4.5,6.5,1.8,,4.92,,,12.75,,
,5.0,,,,3.5,7.0,,,,,,,15.5,,
3.4,6.5,,,,4.0,4.0,6.5,2.6,,4.83,,,14.5,,
3.0,6.5,,,,5.75,6.0,8.5,2.8,,6.75,,,18.25,,
4.6,4.5,,,,6.5,5.0,8.25,4.4,,6.58,,,16.0,,
3.2,2.75,,,,3.0,4.75,5.25,3.2,,4.33,,,10.5,,
4.6,5.25,,,,2.5,5.5,8.0,2.2,,5.33,,,13.25,,
5.6,6.25,,,,4.0,7.75,8.75,3.4,,6.83,,,18.0,,
6.2,6.25,4.75,4.25,4.0,,,,4.4,4.33,,15.2,14.45,,,15.35
2.8,1.75,,,,2.25,3.75,,,,,,,7.75,,
2.4,6.5,,,,4.25,3.5,5.0,2.6,,4.25,,,14.25,,
3.0,6.0,,,,2.5,6.0,6.25,2.4,,4.92,,,14.5,,
4.2,2.5,,,,4.0,5.5,6.75,2.8,,5.42,,,12.0,,
3.8,5.5,,,,3.5,5.0,8.0,2.6,,5.5,,,14.0,,
4.2,5.0,,,,2.75,4.75,7.75,3.2,,5.08,,,12.5,,
2.2,3.25,,,,1.5,3.5,4.75,2.2,,3.25,,,8.25,,
3.8,6.25,,,,2.75,5.5,7.5,3.0,,5.25,,,14.5,,
2.6,6.0,,,,2.75,4.5,6.0,2.4,,4.42,,,13.25,11.0,
,6.25,,,,6.75,7.25,,,,,,,20.25,,
5.2,7.0,,,,6.25,6.75,8.0,4.2,,7.0,,,20.0,,
5.4,5.5,3.25,4.5,3.75,,,,2.8,3.83,,13.15,13.65,,,11.45
3.0,6.25,,,,2.75,5.25,6.0,3.6,,4.67,,,14.25,,
4.2,5.75,,,,5.25,6.25,7.75,2.6,,6.42,,,17.25,,
3.0,5.5,,,,4.25,5.5,6.5,2.8,,5.42,,,15.25,,
2.6,6.75,,,,5.75,6.0,8.5,3.4,,6.75,,,18.5,,
2.2,2.5,,,,2.25,4.5,7.25,2.6,,4.67,,,9.25,,
5.0,7.75,,,,5.5,6.0,8.5,4.0,,6.67,,,19.25,,
2.4,2.0,,,,3.0,4.0,4.75,3.0,,3.92,,,9.0,,
2.0,5.25,,,,4.0,4.25,6.5,2.4,,4.92,,,13.5,,
3.6,5.0,,,,4.25,6.0,8.25,3.0,,6.17,,,15.25,,
1.8,4.0,,,,3.0,5.0,5.75,2.0,,4.58,,,12.0,,
7.0,,5.5,4.75,,,,,,,,17.25,,,,
,5.5,,,,6.0,6.5,,,,,,,18.0,,
5.4,8.0,,,,3.75,5.5,8.0,6.2,,5.75,,,17.25,,
5.6,5.75,2.75,5.5,4.25,,,,3.4,4.17,,13.85,15.35,,,11.75
4.2,6.25,,,,3.0,6.75,6.25,3.6,,5.33,,,16.0,,
3.2,3.5,,,,2.0,6.25,4.25,3.4,,4.17,,,11.75,,
5.4,,,5.0,4.0,,,,,,,,14.4,,,
3.8,6.5,,,,4.25,5.5,7.5,3.6,,5.75,,,16.25,,
3.4,2.75,,,,2.0,4.25,6.0,2.6,,4.08,,,9.0,,
3.8,6.5,,,,4.0,7.25,7.25,2.2,,6.17,,,17.75,,
2.8,6.5,,,,3.25,4.25,7.25,3.0,,4.92,,,14.0,,
2.6,6.25,,,,3.5,5.75,8.0,3.2,,5.75,,,15.5,,
4.2,6.5,,,,2.25,6.75,6.25,1.4,,5.08,,,15.5,,
3.6,5.0,,,,3.25,3.5,,,,,,,11.75,,
3.0,,,,,,,,,,,,,,,
3.0,2.5,,,,1.75,3.25,,,,,,,7.5,,
3.2,4.0,,,,3.5,6.25,,,,,,,13.75,,
2.4,6.25,,,,4.25,6.0,,,,,,,16.5,,
2.4,5.25,,,,2.25,3.25,6.5,3.6,,4.0,,,10.75,,
3.4,6.75,,,,3.0,6.0,7.5,3.6,,5.5,,,15.75,,
5.2,,5.5,5.25,,,,,,,,15.95,,,,
4.4,7.0,,,,2.5,6.25,7.0,2.8,,5.25,,,15.75,,
4.6,6.75,,,,3.25,6.75,8.0,4.8,,6.0,,,16.75,,
3.0,5.0,,,,4.75,5.25,6.5,1.8,,5.5,,,15.0,,
4.2,5.25,,,,2.0,5.5,6.25,2.4,,4.58,,,12.75,,
4.4,7.75,,,,4.5,6.5,8.25,4.6,,6.42,,,18.75,,
3.4,4.0,,,,3.25,5.5,,,,,,,12.75,,
5.6,7.25,,,,2.75,7.0,8.0,3.4,,5.92,,,17.0,,
,6.0,,,,4.75,5.75,,,,,,,16.5,,
4.2,5.5,,,,3.25,5.0,7.25,2.6,,5.17,,,13.75,,
4.8,6.5,,,,5.25,8.5,9.25,2.6,,7.67,,,20.25,,
2.2,6.0,,,,3.25,5.0,6.5,2.6,,4.92,,,14.25,,
3.2,4.5,,,,2.75,5.0,4.25,2.4,,4.0,,,12.25,,
5.0,5.5,,,,2.0,5.75,8.0,2.6,,5.25,,,13.25,,
3.8,3.75,,,,3.75,3.75,6.5,2.8,,4.67,,,11.25,,
5.4,5.5,,,,4.5,6.0,6.5,5.8,,5.67,,,16.0,,
3.0,7.5,,,,2.75,6.75,8.0,3.0,,5.83,,,17.0,,
3.0,5.25,,,,3.0,4.25,5.25,3.4,,4.17,,,12.5,,
1.8,5.0,,,,4.0,5.75,8.0,2.6,,5.92,,,14.75,,
5.2,7.5,2.5,3.75,5.0,,,,3.4,3.75,,11.45,13.95,,,11.1
4.6,5.75,,,,7.0,6.5,8.75,3.4,,7.42,,,19.25,,
3.8,6.25,,,,5.25,6.25,8.75,3.0,,6.75,,,17.75,,
3.8,4.75,,,,4.5,6.0,6.25,2.0,,5.58,,,15.25,,
2.8,3.25,,,,2.75,3.25,5.25,3.4,,3.75,,,9.25,,
3.4,3.5,,,,2.5,4.25,4.0,2.2,,3.58,,,10.25,,
2.6,5.25,,,,4.0,4.75,6.75,2.4,,5.17,,,14.0,,
2.2,3.5,,,,2.5,3.75,5.5,2.2,,3.92,,,9.75,,
3.2,6.5,,,,3.5,7.0,7.25,2.6,,5.92,,,17.0,,
3.4,4.5,,,,4.5,6.0,6.5,2.6,,5.67,,,15.0,,
3.0,6.0,,,,3.25,5.5,7.5,3.0,,5.42,,,14.75,12.0,
3.0,7.25,,,,4.75,6.25,7.0,3.2,,6.0,,,18.25,,
5.2,7.0,,,,5.5,6.5,8.0,3.0,,6.67,,,19.0,,
3.4,6.75,,,,4.0,5.75,6.0,2.2,,5.25,,,16.5,,
2.8,6.25,,,,3.5,5.75,6.25,2.2,,5.17,,,15.5,,
3.6,6.5,,,,5.25,6.5,8.5,2.8,,6.75,,,18.25,,
5.2,6.0,,,,4.0,4.75,7.75,3.8,,5.5,,,14.75,15.0,
2.2,5.0,,,,2.25,6.0,6.75,3.6,,5.0,,,13.25,,
3.2,5.0,,,,3.5,6.75,7.75,2.8,,6.0,,,15.25,11.0,
1.8,5.75,,,,2.75,3.5,3.5,2.4,,3.25,,,12.0,,
3.0,3.5,,,,3.0,5.25,7.0,3.2,,5.08,,,11.75,,
2.0,4.25,,,,2.75,4.25,5.25,1.8,,4.08,,,11.25,,
3.0,3.5,,,,3.5,5.5,5.0,2.6,,4.67,,,12.5,,
2.2,7.0,,,,6.0,6.0,6.75,2.8,,6.25,,,19.0,12.0,
1.2,6.25,,,,3.25,6.75,8.0,3.4,,6.0,,,16.25,,
3.6,7.75,,,,5.25,6.25,8.75,4.0,,6.75,,,19.25,,
3.2,5.0,,,,2.75,4.5,7.25,2.6,,4.83,,,12.25,,
2.2,4.5,,,,3.0,2.75,4.75,3.4,,3.5,,,10.25,,
6.2,5.25,,,,5.25,6.25,8.75,2.8,,6.75,,,16.75,,
3.6,4.75,,,,3.5,6.25,5.5,2.2,,5.08,,,14.5,,
2.2,3.25,,,,2.5,4.0,4.25,2.0,,3.58,,,9.75,,
4.4,8.5,2.25,3.25,3.0,4.0,6.5,8.0,3.8,2.83,6.17,9.9,10.65,19.0,,10.45
2.8,3.25,,,,2.75,5.75,6.75,2.4,,5.08,,,11.75,,
2.6,7.0,,,,2.5,4.25,5.5,1.4,,4.08,,,13.75,11.0,
2.2,1.75,,,,1.75,3.75,5.0,1.8,,3.5,,,7.25,,
2.8,6.5,,,,4.0,5.25,7.0,3.2,,5.42,,,15.75,,
4.2,6.75,,,,3.5,6.0,8.0,2.4,,5.83,,,16.25,,
3.2,7.0,,,,3.25,5.75,9.0,4.0,,6.0,,,16.0,,
4.0,4.75,,,,2.0,5.25,5.5,3.4,,4.25,,,12.0,,
3.8,5.5,,,,3.5,5.75,8.0,3.2,,5.75,,,14.75,,
3.4,2.75,,,,2.25,1.75,4.0,1.8,,2.67,,,6.75,,
4.8,6.0,,,,4.75,6.5,8.5,3.4,,6.58,,,17.25,,
4.0,5.25,,,,3.75,6.75,8.5,2.8,,6.33,,,15.75,,
4.6,4.25,,,,3.25,7.0,8.75,3.0,,6.33,,,14.5,,
5.0,8.75,,,,7.5,8.0,9.5,5.2,,8.33,,,24.25,,
4.0,6.5,,,,3.75,5.5,6.75,4.0,,5.33,,,15.75,,
4.0,6.5,,,,1.75,6.75,8.0,2.0,,5.5,,,15.0,,
3.4,3.75,,,,2.5,4.5,,,,,,,10.75,,
3.8,2.75,,,,2.25,4.5,,,,,,,9.5,,
3.4,5.25,,,,4.25,5.25,,,,,,,14.75,,
3.4,5.75,,,,2.5,4.25,7.0,1.6,,4.58,,,12.5,,
4.0,5.5,,,,2.0,5.5,7.0,2.6,,4.83,,,13.0,,
4.4,7.25,,,,2.0,3.5,4.75,2.8,,3.42,,,12.75,,
4.6,5.75,,,,3.75,5.0,7.25,2.4,,5.33,,,14.5,,
4.8,7.25,,,,5.5,7.0,8.5,3.4,,7.0,,,19.75,,
2.8,4.25,,,,2.75,7.0,6.75,5.2,,5.5,,,14.0,,
4.2,3.5,,,,2.75,6.25,7.75,4.2,,5.58,,,12.5,,
6.4,7.75,,,,3.75,3.75,7.0,7.4,,4.83,,,15.25,,
3.8,5.25,,,,2.75,6.0,6.5,3.4,,5.08,,,14.0,,
2.8,2.0,,,,2.0,2.5,,,,,,,6.5,,
1.8,4.0,,,,2.75,5.0,,,,,,,11.75,,
3.2,8.0,,,,3.75,6.75,5.75,3.6,,5.42,,,18.5,,
3.0,1.75,,,,4.75,4.75,,,,,,,11.25,,
2.8,3.0,,,,1.25,3.5,,,,,,,7.75,,
4.4,3.25,,,,2.25,4.75,,,,,,,10.25,,
2.2,1.25,,,,2.25,3.5,4.0,3.4,,3.25,,,7.0,,
2.6,2.75,,,,2.25,5.5,,,,,,,10.5,,
,7.75,,,,4.5,6.25,,,,,,,18.5,,
2.4,3.0,,,,2.75,5.0,,,,,,,10.75,,
3.8,4.5,,,,2.5,5.25,7.75,1.8,,5.17,,,12.25,,
4.4,7.25,,,,4.0,4.5,9.0,5.8,,5.83,,,15.75,,
4.4,8.0,,,,3.25,4.75,8.25,5.4,,5.42,,,16.0,,
3.4,5.25,,,,4.0,5.25,7.5,2.8,,5.58,,,14.5,,
5.8,7.25,6.75,5.75,4.75,,,,3.4,5.75,,18.3,16.3,,,15.95
5.6,5.5,,,,2.75,6.75,5.25,2.8,,4.92,,,15.0,,
5.4,7.0,5.0,3.75,3.75,,,,5.6,4.17,,14.15,12.9,,18.0,16.0
4.8,5.0,4.25,6.5,3.5,,,,2.8,4.75,,15.55,14.8,,,11.85
2.8,3.75,3.25,3.25,3.0,,,,3.6,3.17,,9.3,9.05,,,9.65
4.6,6.0,,,,3.75,3.75,7.25,2.4,,4.92,,,13.5,13.0,
3.8,6.0,,,,4.0,7.0,7.5,2.6,,6.17,,,17.0,,
6.0,7.0,3.75,4.0,4.5,,,,2.4,4.08,,13.75,14.5,,,12.15
5.4,4.5,5.0,5.25,5.25,,,,3.2,5.17,,15.65,15.9,,,13.6
2.6,4.25,,,,2.0,6.25,6.75,2.8,,5.0,,,12.5,,
7.0,7.25,4.25,5.5,5.75,,,,2.2,5.17,,16.75,18.25,,,13.45
5.8,5.5,4.0,5.5,3.25,,,,3.6,4.25,,15.3,14.55,,,13.4
6.0,6.0,6.75,3.25,4.0,,,,4.2,4.67,,16.0,13.25,,,16.95
5.4,7.5,4.25,4.0,4.25,,,,4.8,4.17,,13.65,13.65,,,14.45
5.0,7.25,4.0,3.75,6.0,,,,3.8,4.58,,12.75,14.75,,,12.8
5.0,5.25,2.75,3.25,4.75,,,,2.8,3.58,,11.0,13.0,,,10.55
5.2,3.75,6.5,7.0,3.25,,,,1.8,5.58,,18.7,15.45,,,13.5
5.2,7.0,4.5,4.5,2.75,,,,5.2,3.92,,14.2,12.45,,,14.9
5.0,2.75,2.75,2.75,3.75,,,,2.6,3.08,,10.5,11.5,,,10.35
6.8,7.75,6.25,5.25,4.5,,,,6.2,5.33,,18.3,16.55,,,19.25
6.8,7.0,8.0,5.25,5.0,,,,3.4,6.08,,20.05,17.05,,,18.2
6.2,5.75,5.25,6.0,2.25,,,,3.8,4.5,,17.45,14.45,,,15.25
4.8,4.75,,,,4.0,4.75,6.0,5.6,,4.92,,,13.5,,
5.2,6.5,,,,2.75,5.75,6.25,4.2,,4.92,,,15.0,,
4.4,6.0,,,,3.0,5.75,7.25,5.2,,5.33,,,14.75,,
2.6,7.25,,,,2.75,5.0,7.75,3.2,,5.17,,,15.0,,
5.2,6.0,,,,3.75,3.75,5.75,4.4,,4.42,,,13.5,,
3.0,5.0,,,,4.0,5.75,5.5,3.6,,5.08,,,14.75,,
5.2,6.25,,,,3.5,4.75,7.25,1.4,,5.17,,,14.5,,
5.4,8.5,2.75,5.0,5.0,,,,2.6,4.25,,13.15,15.4,,,10.75
5.2,6.5,,,,6.25,4.0,,,,,,,16.75,,
5.8,7.75,,,,3.0,6.0,7.5,4.8,,5.5,,,16.75,,
3.4,5.0,,,,5.5,,,,,,,,,,
5.6,8.75,,,,9.0,2.0,,,,,,,19.75,,
3.4,5.5,,,,4.25,,,,,,,,,,
6.0,7.75,,,,4.5,7.5,6.75,7.2,,6.25,,,19.75,,
6.8,7.25,,,,5.0,6.25,6.75,6.8,,6.0,,,18.5,,
,4.75,,,,2.25,5.0,,,,,,,12.0,,
7.2,7.5,2.25,4.0,3.25,,,,7.2,3.17,,13.45,14.45,,,16.65
6.2,7.75,,,,5.5,7.25,8.0,,,6.92,,,20.5,,
7.0,4.25,7.5,5.5,4.75,,,,5.0,5.92,,20.0,17.25,,,19.5
2.6,6.0,,,,4.5,6.75,8.75,2.4,,6.67,,,17.25,11.0,
6.0,6.25,3.75,5.5,5.25,,,,5.4,4.83,,15.25,16.75,,,15.15
7.4,3.5,3.0,8.5,7.25,,,,6.0,6.25,,18.9,23.15,,,16.4
3.2,7.75,,,,5.0,,,,,,,,,,
2.6,4.25,,,,3.0,5.0,4.75,2.0,,4.25,,,12.25,,
,8.0,,,,7.25,8.0,6.75,,,7.33,,,23.25,,
6.6,4.5,5.5,5.0,5.0,,,,2.8,5.17,,17.1,16.6,,,14.9
1.8,3.75,,,,3.25,5.75,,,,,,,12.75,,
2.2,4.0,,,,3.5,5.0,6.25,3.6,,4.92,,,12.5,,
2.6,4.75,,,,4.5,3.0,5.75,2.8,,4.42,,,12.25,,
4.2,1.75,,,,2.0,3.75,,,,,,,7.5,,
1.6,3.75,,,,4.0,5.75,,,,,,,13.5,,
2.2,2.5,,,,3.5,4.25,4.25,3.6,,4.0,,,10.25,,
5.0,5.0,,,,3.5,5.75,,,,,,,14.25,,
2.6,4.25,,,,3.0,4.75,7.0,3.0,,4.92,,,12.0,,
4.2,2.75,,,,3.5,5.0,,,,,,,11.25,,
2.2,3.0,,,,3.25,4.75,,,,,,,11.0,,
2.6,3.25,,,,3.0,4.25,,,,,,,10.5,,
3.8,5.75,,,,3.5,4.25,6.25,2.2,,4.67,,,13.5,,
5.8,6.0,,,,5.25,7.75,8.25,4.8,,7.08,,,19.0,,
3.6,7.0,,,,4.0,5.5,8.75,2.2,,6.08,,,16.5,,
4.0,7.5,,,,4.0,5.0,7.25,3.0,,5.42,,,16.5,,
2.2,1.5,,,,4.25,5.5,,,,,,,11.25,,
5.0,6.0,,,,3.25,6.5,7.75,4.0,,5.83,,,15.75,15.0,
3.0,2.25,,,,3.25,4.75,6.25,2.8,,4.75,,,10.25,,
4.8,5.5,,,,3.0,6.75,6.25,2.8,,5.33,,,15.25,,
3.2,6.0,,,,2.75,5.5,7.75,1.8,,5.33,,,14.25,11.0,
3.6,7.0,,,,3.25,4.0,7.25,2.4,,4.83,,,14.25,13.0,
4.8,6.75,,,,3.5,7.75,7.0,2.2,,6.08,,,18.0,,
3.2,8.0,,,,4.25,6.25,8.0,3.0,,6.17,,,18.5,,
5.4,7.5,,,,3.25,5.5,9.0,4.6,,5.92,,,16.25,,
4.4,6.0,,,,3.25,7.5,7.5,2.2,,6.08,,,16.75,,
3.6,5.25,,,,3.25,6.0,7.75,3.8,,5.67,,,14.5,,
1.8,3.5,,,,3.0,4.25,6.25,2.8,,4.5,,,10.75,,
2.6,5.0,,,,2.25,4.0,3.5,2.6,,3.25,,,11.25,,
5.4,5.0,,,,4.25,5.75,8.0,2.8,,6.0,,,15.0,,
3.4,6.25,,,,3.0,5.25,7.25,4.8,,5.17,,,14.5,,
6.8,7.25,,,,3.25,7.25,8.25,5.2,,6.25,,,17.75,,
3.6,6.0,,,,5.5,5.5,7.75,2.6,,6.25,,,17.0,,
5.6,8.0,,,,5.5,7.0,8.25,2.6,,6.92,,,20.5,,
4.4,8.25,,,,6.25,8.5,8.5,3.6,,7.75,,,23.0,,
2.2,5.0,,,,2.5,6.0,6.0,2.0,,4.83,,,13.5,,
5.2,5.25,,,,3.5,6.25,6.5,4.0,,5.42,,,15.0,,
4.4,6.5,,,,3.5,4.75,7.5,2.0,,5.25,,,14.75,,
4.6,5.5,,,,3.5,3.75,6.75,3.0,,4.67,,,12.75,,
4.0,6.5,,,,3.75,6.5,7.25,4.0,,5.83,,,16.75,,
3.8,5.25,,,,2.25,4.75,7.5,2.8,,4.83,,,12.25,,
5.6,3.75,,,,3.5,4.75,7.0,2.0,,5.08,,,12.0,,
3.8,5.0,,,,4.0,4.75,6.75,3.0,,5.17,,,13.75,,
3.8,5.0,,,,5.75,5.5,8.5,3.2,,6.58,,,16.25,12.0,
3.0,5.5,,,,3.0,5.0,6.25,4.0,,4.75,,,13.5,,
3.4,5.0,,,,2.75,6.25,6.5,2.6,,5.17,,,14.0,11.0,
5.0,6.5,,,,4.25,6.25,9.0,2.6,,6.5,,,17.0,,
3.2,5.0,,,,2.75,6.0,7.25,3.0,,5.33,,,13.75,,
4.4,6.0,,,,3.75,5.5,6.5,2.4,,5.25,,,15.25,,
4.6,6.25,,,,4.0,6.0,6.75,2.6,,5.58,,,16.25,,
4.8,5.0,,,,3.75,6.0,9.0,3.0,,6.25,,,14.75,,
3.0,4.25,,,,3.75,4.5,,,,,,,12.5,,
4.2,4.75,,,,3.25,6.5,,,,,,,14.5,,
3.0,5.0,,,,2.75,3.0,5.5,2.6,,3.75,,,10.75,,
2.2,5.75,,,,3.75,5.0,7.5,3.2,,5.42,,,14.5,,
4.0,3.75,,,,3.5,6.75,8.5,4.0,,6.25,,,14.0,,
2.0,5.0,,,,4.25,4.25,6.25,2.2,,4.92,,,13.5,,
2.2,6.0,,,,2.25,4.5,5.0,1.8,,3.92,,,12.75,10.0,
6.4,7.5,,,,7.5,,,,,,,,,,
4.2,4.25,,,,3.25,5.5,6.75,3.6,,5.17,,,13.0,,
3.2,6.5,,,,4.25,7.25,7.5,2.8,,6.33,,,18.0,,
2.2,6.0,,,,4.75,5.5,6.5,1.0,,5.58,,,16.25,,
3.4,5.25,,,,3.25,6.75,7.75,4.0,,5.92,,,15.25,,
3.0,3.5,,,,3.25,6.0,7.25,3.4,,5.5,,,12.75,,
3.6,3.5,,,,3.75,4.5,6.25,3.4,,4.83,,,11.75,,
3.0,6.25,,,,2.5,3.75,4.5,2.2,,3.58,,,12.5,,
4.0,3.5,,,,4.0,4.5,6.25,3.0,,4.92,,,12.0,,
2.6,5.5,,,,3.5,5.25,,,,,,,14.25,,
3.6,7.75,,,,4.25,5.75,8.5,4.2,,6.17,,,17.75,,
4.4,5.25,,,,2.0,6.25,7.75,2.8,,5.33,,,13.5,,
4.8,5.75,,,,3.75,4.0,6.75,2.8,,4.83,,,13.5,,
2.6,4.25,,,,5.0,5.5,7.25,2.4,,5.92,,,14.75,,
5.0,5.75,5.25,3.25,5.0,,,,3.8,4.5,,13.5,13.25,,,14.05
5.0,6.25,,,,4.75,7.5,7.0,2.0,,6.42,,,18.5,,
5.6,6.0,3.75,4.75,6.25,,,,3.2,4.92,,14.1,16.6,,,12.55
3.8,7.0,,,,3.25,5.5,5.25,2.0,,4.67,,,15.75,,
5.4,8.0,,,,5.0,8.0,9.25,3.6,,7.42,,,21.0,17.0,
7.8,8.0,6.5,3.5,5.0,,,,5.2,5.0,,17.8,16.3,,21.0,19.5
6.2,7.5,,,,3.75,5.75,7.0,4.8,,5.5,,,17.0,,
4.2,6.0,2.5,4.25,6.0,,,,3.8,4.25,,10.95,14.45,,14.0,10.5
3.4,6.0,,,,2.0,7.0,7.75,2.0,,5.58,,,15.0,,
3.0,4.25,,,,2.25,5.75,6.25,2.0,,4.75,,,12.25,,
5.8,6.25,3.75,5.25,4.75,,,,4.0,4.58,,14.8,15.8,,,13.55
3.6,4.0,,,,3.0,3.75,6.75,1.4,,4.5,,,10.75,9.0,
3.0,5.0,,,,3.5,3.75,,,,,,,12.25,,
4.0,6.75,,,,4.0,6.25,7.75,2.8,,6.0,,,17.0,,
5.0,6.0,,,,4.5,6.5,7.0,3.6,,6.0,,,17.0,,
2.4,4.25,,,,5.0,6.0,7.0,2.0,,6.0,,,15.25,,
2.0,6.0,,,,5.5,6.75,8.25,2.0,,6.83,,,18.25,10.0,
3.4,6.25,,,,4.25,4.25,6.5,2.0,,5.0,,,14.75,,
4.0,7.5,,,,4.75,5.25,7.75,3.0,,5.92,,,17.5,,
5.2,8.0,,,,7.0,8.75,8.25,5.6,,8.0,,,23.75,,
2.6,6.0,,,,2.5,4.75,5.75,2.6,,4.33,,,13.25,,
3.8,8.25,,,,3.5,6.25,7.75,2.4,,5.83,,,18.0,,
3.4,5.5,,,,2.75,5.5,5.5,2.8,,4.58,,,13.75,,
4.8,5.5,,4.75,,,,,3.2,,,,,,,
4.2,5.5,,,,2.75,5.5,6.25,3.2,,4.83,,,13.75,,
,8.0,,,,5.0,6.0,,,,,,,19.0,,
2.2,6.5,,,,2.75,5.0,,,,,,,14.25,,
,6.75,,,,3.25,5.0,,,,,,,15.0,,
3.8,6.0,,,,2.75,5.25,6.75,4.0,,4.92,,,14.0,,
2.8,5.25,,,,5.0,5.25,7.0,2.0,,5.75,,,15.5,,
4.2,7.25,4.0,3.25,4.0,,,,2.8,3.75,,11.45,11.45,,,11.0
3.0,6.0,,,,2.75,5.5,6.75,2.0,,5.0,,,14.25,11.0,
1.8,3.5,,,,2.25,4.25,6.5,2.4,,4.33,,,10.0,,
3.8,5.75,,,,2.25,4.0,,,,,,,12.0,,
3.4,7.75,,,,5.75,6.5,7.0,4.0,,6.42,,,20.0,,
3.0,2.75,,,,3.5,4.5,,,,,,,10.75,,
3.4,6.75,,,,4.25,5.25,7.25,4.0,,5.58,,,16.25,,
4.6,7.25,,,,2.25,6.25,7.75,3.4,,5.42,,,15.75,,
4.4,7.0,,,,3.0,6.25,7.0,3.2,,5.42,,,16.25,,
4.0,4.0,,,,3.5,5.0,6.75,2.6,,5.08,,,12.5,,
3.2,4.0,,,,3.0,5.0,8.0,3.0,,5.33,,,12.0,,
3.8,9.0,,,,6.75,8.0,7.25,3.2,,7.33,,,23.75,16.0,
3.2,5.0,,,,3.25,3.5,4.5,2.8,,3.75,,,11.75,11.0,
3.2,5.0,,,,3.25,4.25,7.5,3.4,,5.0,,,12.5,,
2.4,4.0,,,,2.5,3.75,5.5,4.0,,3.92,,,10.25,,
4.4,5.75,,,,3.0,5.5,7.25,3.6,,5.25,,,14.25,,
3.4,5.75,,,,3.5,5.0,8.25,3.2,,5.58,,,14.25,,
1.6,3.75,,,,2.0,4.25,7.25,3.4,,4.5,,,10.0,,
1.4,3.75,,,,2.25,4.5,5.0,1.8,,3.92,,,10.5,,
5.6,7.0,,,,5.75,8.0,9.0,4.0,,7.58,,,20.75,,
3.4,4.75,3.25,4.0,6.0,,,,1.6,4.42,,10.65,13.4,,,8.25
3.6,5.0,,,,2.25,5.75,6.25,3.6,,4.75,,,13.0,,
4.8,6.5,5.0,4.75,4.75,,,,4.0,4.83,,14.55,14.3,,,13.8
3.8,5.0,,,,2.75,6.0,7.75,2.6,,5.5,,,13.75,,
3.2,5.0,,,,2.75,4.5,5.25,3.6,,4.17,,,12.25,,
2.6,2.75,,,,3.25,4.0,,,,,,,10.0,,
4.6,6.0,,,,4.75,6.25,8.0,2.8,,6.33,,,17.0,,
3.0,2.75,,,,2.75,3.75,,,,,,,9.25,,
4.4,7.0,,,,2.75,5.0,6.0,2.0,,4.58,,,14.75,,
3.4,5.5,,,,3.25,4.5,6.75,3.4,,4.83,,,13.25,,
4.8,4.75,,,,2.25,5.75,6.75,1.8,,4.92,,,12.75,,
5.6,5.0,,,,3.25,5.75,8.25,5.0,,5.75,,,14.0,,
3.0,3.0,,,,2.5,3.0,,,,,,,8.5,,
3.0,6.25,,,,4.5,5.0,8.75,2.4,,6.08,,,15.75,,
4.2,7.0,,,,3.75,5.0,8.75,2.6,,5.83,,,15.75,,
3.0,5.5,,,,4.25,4.75,6.25,3.2,,5.08,,,14.5,,
4.6,6.75,,,,7.0,8.5,8.75,4.4,,8.08,,,22.25,,
6.0,8.0,,,,7.25,,,,,,,,,,
3.0,8.25,,,,5.5,5.75,8.25,2.2,,6.5,,,19.5,,
3.4,6.25,,,,3.25,4.5,6.5,3.4,,4.75,,,14.0,,
4.0,3.75,,,,2.75,6.25,6.25,2.0,,5.08,,,12.75,,
3.0,4.25,,,,3.25,5.0,8.25,3.6,,5.5,,,12.5,,
4.8,5.75,,,,4.0,6.5,8.75,2.2,,6.42,,,16.25,,
3.8,7.25,,,,4.25,7.0,8.0,1.0,,6.42,,,18.5,,
3.8,6.5,,,,3.75,6.0,9.25,2.8,,6.33,,,16.25,,
5.6,8.5,,,,6.0,7.25,8.25,2.6,,7.17,,,21.75,,
3.8,5.5,,,,4.25,6.25,7.25,2.0,,5.92,,,16.0,,
4.0,6.0,,,,4.0,7.75,7.0,2.0,,6.25,,,17.75,12.0,
5.6,7.5,6.25,5.5,3.5,,,,2.0,5.08,,17.35,14.6,,,13.85
3.6,0.0,,,,2.0,3.75,,,,,,,5.75,,
4.2,6.25,,,,3.5,3.75,6.75,3.0,,4.67,,,13.5,,
5.0,6.5,,,,4.0,7.5,7.75,2.4,,6.42,,,18.0,,
3.4,6.0,,,,4.75,5.75,7.0,2.6,,5.83,,,16.5,12.0,
6.8,,5.75,,,,,,3.4,,,,,,,15.95
,7.5,,,,6.75,7.75,,,,,,,22.0,,
4.8,4.0,,,,5.5,5.5,7.25,3.0,,6.08,,,15.0,,
2.6,4.75,,,,2.75,4.25,6.75,2.2,,4.58,,,11.75,,
2.8,5.25,,,,2.25,4.5,7.75,2.6,,4.83,,,12.0,,
5.8,7.5,5.5,6.75,4.0,,,,3.4,5.42,,18.05,16.55,,,14.7
3.0,4.0,,,,1.75,1.75,6.5,2.4,,3.33,,,7.5,,
3.6,4.75,,,,3.5,4.75,6.25,2.2,,4.83,,,13.0,,
2.4,6.25,,,,4.75,4.5,6.5,2.4,,5.25,,,15.5,,
6.4,7.0,,,,4.5,8.0,8.75,4.4,,7.08,,,19.5,,
3.2,3.5,,,,3.5,3.75,5.25,3.6,,4.17,,,10.75,,
4.0,4.5,,,,2.25,3.5,7.0,3.8,,4.25,,,10.25,,
6.4,6.0,3.5,4.5,6.0,,,,4.8,4.67,,14.4,16.9,,,14.7
4.0,6.75,4.0,2.75,5.5,,,,2.2,4.08,,10.75,12.25,,,10.2
5.2,7.0,4.75,4.75,4.0,,,,4.2,4.5,,14.7,13.95,,,14.15
2.4,4.0,,,,3.25,3.0,5.0,2.8,,3.75,,,10.25,,
3.2,5.25,,,,3.0,4.75,4.5,3.0,,4.08,,,13.0,,
2.8,6.0,2.25,3.75,2.25,,,,3.6,2.75,,8.8,8.8,,,8.65
2.6,4.5,,,,2.75,5.25,6.75,2.0,,4.92,,,12.5,,
4.4,7.75,,,,4.5,6.5,7.5,4.8,,6.17,,,18.75,,
2.6,5.0,,,,3.25,4.5,5.75,2.2,,4.5,,,12.75,,
2.4,5.25,,,,4.0,6.75,6.75,2.6,,5.83,,,16.0,,
3.8,3.0,,,,3.5,5.5,4.5,2.0,,4.5,,,12.0,,
6.0,4.0,6.5,4.0,4.0,,,,1.6,4.83,,16.5,14.0,,,14.1
2.6,4.0,,,,3.25,4.5,4.5,2.6,,4.08,,,11.75,,
3.4,6.0,,,,3.75,6.0,7.75,1.8,,5.83,,,15.75,,
2.4,4.25,,,,2.5,5.75,6.25,1.8,,4.83,,,12.5,,
4.4,5.25,,,,3.25,5.25,7.25,4.0,,5.25,,,13.75,,
2.8,3.5,,,,2.75,6.0,5.25,1.6,,4.67,,,12.25,,
2.6,5.25,,,,3.5,3.75,5.0,1.0,,4.08,,,12.5,,
4.2,7.25,6.0,3.25,4.0,,,,4.6,4.42,,13.45,11.45,,,14.8
7.8,6.5,8.0,6.25,4.5,,,,6.0,6.25,,22.05,18.55,,,21.8
7.2,7.0,6.5,2.75,4.25,,,,5.6,4.5,,16.45,14.2,,,19.3
5.6,6.75,3.75,4.0,3.75,,,,6.0,3.83,,13.35,13.35,,,15.35
6.0,6.75,6.0,2.25,2.0,,,,5.8,3.42,,14.25,10.25,,,17.8
5.8,4.25,5.25,3.0,4.5,,,,4.6,4.25,,14.05,13.3,,,15.65
6.4,7.25,7.0,4.25,2.5,,,,6.6,4.58,,17.65,13.15,,,20.0
7.2,6.75,4.0,5.75,6.5,,,,1.8,5.42,,16.95,19.45,,,13.0
6.4,4.0,2.25,5.5,5.25,,,,3.6,4.33,,14.15,17.15,,14.0,12.25
8.6,6.0,4.0,8.75,6.75,,,,5.4,6.5,,21.35,24.1,,20.0,18.0
5.2,3.75,5.25,3.5,5.75,,,,5.8,4.83,,13.95,14.45,,,16.25
6.4,7.25,4.75,5.5,3.0,,,,6.8,4.42,,16.65,14.9,,,17.95
6.2,3.25,7.0,2.75,6.75,,,,9.2,5.5,,15.95,15.7,,,22.4
3.8,4.5,,,,4.0,5.0,7.5,2.6,,5.5,,,13.5,,
2.6,4.0,,,,3.75,5.0,,,,,,,12.75,,
2.6,3.5,,,,2.25,5.0,,,,,,,10.75,,
4.2,3.25,,,,4.0,7.5,,,,,,,14.75,,
2.6,4.0,,,,3.75,4.75,,,,,,,12.5,,
2.2,3.5,,,,3.5,5.75,,,,,,,12.75,,
2.2,3.5,,,,4.0,5.5,,,,,,,13.0,,
2.4,1.25,,,,3.25,2.5,,,,,,,7.0,,
2.0,4.0,,,,4.75,6.0,,,,,,,14.75,,
2.2,6.75,,,,4.0,4.5,,,,,,,15.25,,
3.0,3.5,,,,5.5,5.5,,,,,,,14.5,,
4.6,5.5,,,,4.5,6.0,,,,,,,16.0,,
5.6,6.5,,,,4.0,6.5,7.25,3.0,,5.92,,,17.0,,
5.2,8.0,,,,4.75,5.5,6.75,8.0,,5.67,,,18.25,,
5.8,9.25,,,,6.5,7.75,8.5,4.6,,7.58,,,23.5,,
6.4,9.0,,,,2.75,5.25,7.5,8.8,,5.17,,,17.0,,
4.2,6.25,,,,3.5,5.0,5.5,4.8,,4.67,,,14.75,,
8.2,7.75,,,,4.5,7.0,7.25,8.4,,6.25,,,19.25,,
6.0,7.25,,,,2.5,5.25,8.0,,,5.25,,,15.0,,
5.0,8.25,,,,5.0,8.25,6.5,2.8,,6.58,,,21.5,,
3.2,7.25,,,,2.5,6.5,7.0,2.8,,5.33,,,16.25,,
,7.75,,,,5.25,7.5,,,,,,,20.5,,
3.8,2.75,,,,3.75,6.0,,,,,,,12.5,,
,8.75,,,,5.25,7.75,,,,,,,21.75,,
3.0,5.75,,,,3.25,5.25,,,,,,,14.25,,
3.8,3.0,,,,4.5,4.5,,,,,,,12.0,,
2.6,6.0,,,,2.5,4.0,6.75,2.8,,4.42,,,12.5,,
2.6,3.5,2.75,1.5,4.0,,,,5.8,2.75,,6.85,8.1,,,11.15
6.2,6.5,,,,4.0,7.25,8.25,4.4,,6.5,,,17.75,,
4.2,7.0,,,,2.75,6.0,9.0,5.0,,5.92,,,15.75,,
4.4,7.75,,,,3.5,4.75,8.5,6.0,,5.58,,,16.0,,
4.0,7.0,,,,5.75,6.5,8.75,3.4,,7.0,,,19.25,,
4.6,7.75,,,,4.25,6.25,7.0,3.8,,5.83,,,18.25,,
4.8,3.0,,,,2.25,5.25,6.75,2.6,,4.75,,,10.5,,
4.6,5.0,,,,3.75,6.25,8.5,2.2,,6.17,,,15.0,,
2.6,6.0,,,,4.5,5.25,7.25,3.2,,5.67,,,15.75,,
5.8,8.0,,,,7.5,8.75,8.75,3.8,,8.33,,,24.25,,
2.4,6.0,,,,3.5,4.75,5.5,3.0,,4.58,,,14.25,,
2.2,4.5,,,,2.75,5.0,7.5,3.0,,5.08,,,12.25,,
2.6,4.25,,,,4.25,5.25,7.0,2.0,,5.5,,,13.75,,
3.6,5.75,2.5,2.75,5.0,,,,3.8,3.42,,8.85,11.35,,,9.9
4.6,4.75,4.75,5.0,2.75,,,,3.6,4.17,,14.35,12.35,,,12.95
6.8,3.75,6.75,5.75,4.0,,,,4.0,5.5,,19.3,16.55,,,17.55
5.6,4.5,6.0,3.0,2.25,,,,5.6,3.75,,14.6,10.85,,,17.2
5.8,3.75,4.25,5.0,5.25,,,,4.2,4.83,,15.05,16.05,,,14.25
3.4,3.25,2.25,2.5,2.0,,,,2.4,2.25,,8.15,7.9,,,8.05
4.8,4.0,3.5,4.0,4.5,,,,3.4,4.0,,12.3,13.3,,,11.7
7.6,7.5,4.25,3.5,4.0,,,,6.4,3.92,,15.35,15.1,,,18.25
5.6,4.25,4.25,2.25,2.75,,,,5.2,3.08,,12.1,10.6,,,15.05
6.4,5.25,5.0,4.75,3.5,,,,2.8,4.42,,16.15,14.65,,,14.2
5.0,6.25,4.25,5.0,2.75,,,,4.2,4.0,,14.25,12.75,,,13.45
6.4,4.0,6.0,7.25,3.5,,,,2.2,5.58,,19.65,17.15,,,14.6
3.4,5.25,2.0,1.5,3.5,,,,2.6,2.33,,6.9,8.4,,,8.0
4.6,6.0,4.75,4.0,4.75,,,,3.8,4.5,,13.35,13.35,,,13.15
2.8,7.25,,,,5.25,8.0,7.75,2.0,,7.0,,,20.5,,
6.4,6.0,6.75,4.75,4.5,,,,7.4,5.33,,17.9,15.65,,,20.55
4.8,6.5,4.0,2.75,4.0,,,,4.6,3.58,,11.55,11.55,,,13.4
4.2,5.75,,,,5.25,5.5,7.25,3.4,,6.0,,,16.5,,
3.4,3.5,,,,2.5,3.75,,,,,,,9.75,,
2.4,3.5,,,,2.5,4.75,,,,,,,10.75,,
3.8,5.5,,,,6.0,6.5,,,,,,,18.0,,
3.8,4.25,,,,4.0,5.5,,,,,,,13.75,,
1.8,2.75,3.5,1.75,3.5,3.0,2.75,,,2.92,,7.05,7.05,8.5,,
4.6,5.25,,,,3.0,4.0,,,,,,,12.25,,
2.2,3.5,,,,2.0,4.5,,,,,,,10.0,,
2.6,4.5,,,,3.25,6.0,,,,,,,13.75,,
1.8,3.0,,,,2.75,3.25,,,,,,,9.0,,
,8.5,,,,6.75,8.75,,,,,,,24.0,,
3.0,4.25,,,,4.75,5.75,,,,,,,14.75,,
3.0,2.5,,,,4.75,3.75,,,,,,,11.0,,
2.4,8.0,,,,7.25,7.75,6.5,2.4,,7.17,,,23.0,,
6.8,8.5,,,,4.5,7.0,8.25,5.0,,6.58,,,20.0,,
5.4,5.75,5.0,5.5,3.75,,,,5.4,4.75,,15.9,14.65,,,15.8
4.4,4.0,5.25,4.0,3.25,,,,4.0,4.17,,13.65,11.65,,,13.65
7.4,5.5,7.25,6.0,3.75,,,,3.8,5.67,,20.65,17.15,,,18.45
5.4,8.25,,,,4.25,5.5,7.5,5.6,,5.75,,,18.0,,
3.2,5.0,4.0,1.75,3.5,,,,2.2,3.08,,8.95,8.45,,,9.4
3.8,5.5,,,,3.0,5.5,7.5,2.8,,5.33,,,14.0,,
2.8,,,2.75,3.75,,,,,,,,9.3,,,
4.4,7.75,,,,4.75,6.5,8.5,3.0,,6.58,,,19.0,,
5.6,6.5,5.25,3.5,4.5,,,,3.8,4.42,,14.35,13.6,,,14.65
6.2,7.5,6.0,5.75,6.75,,,,5.2,6.17,,17.95,18.7,,,17.4
2.6,3.25,,,,2.75,5.75,,,,,,,11.75,,
6.2,5.75,6.25,3.0,3.25,,,,3.2,4.17,,15.45,12.45,,,15.65
,5.75,,,,7.0,8.25,,,,,,,21.0,,
5.6,5.75,4.5,1.75,3.0,,,,4.0,3.08,,11.85,10.35,,,14.1
3.0,2.25,,,,4.0,4.25,,,,,,,10.5,,
1.8,3.0,,,,4.25,5.0,,,,,,,12.25,,
3.0,5.0,,,,5.5,6.25,8.0,3.0,,6.58,,,16.75,11.0,
5.8,7.5,,,,4.0,4.5,9.0,3.6,,5.83,,,16.0,,
7.2,5.25,6.75,6.75,2.75,,,,2.2,5.42,,20.7,16.7,,,16.15
3.4,6.5,,,,2.25,6.0,7.5,3.2,,5.25,,,14.75,,
4.0,7.0,,,,5.0,2.25,,,,,,,14.25,,
4.4,4.5,,,,4.0,2.5,,,,,,,11.0,,
6.8,8.0,,,,5.0,2.0,,,,,,,15.0,,
4.4,6.75,,,,5.0,5.25,,,,,,,17.0,,
3.0,6.0,,,,6.25,,,,,,,,,,
2.8,5.0,,,,5.0,4.75,6.0,2.4,,5.25,,,14.75,,
2.6,5.0,,,,2.25,4.25,7.75,2.8,,4.75,,,11.5,,
2.2,6.75,,,,2.5,3.75,7.5,1.6,,4.58,,,13.0,,
3.0,7.0,4.75,1.75,3.5,,,,3.2,3.33,,9.5,8.25,,,10.95
1.8,5.0,3.25,3.75,4.5,,,,2.6,3.83,,8.8,10.05,,,7.65
3.4,5.75,,,,2.75,5.5,7.75,2.2,,5.33,,,14.0,,
3.6,6.75,,,,3.5,6.0,,,,,,,16.25,,
3.0,3.0,,,,3.0,4.75,,,,,,,10.75,,
4.0,5.5,,,,3.0,6.75,7.5,2.4,,5.75,,,15.25,,
3.8,4.0,,,,2.75,5.25,6.25,2.0,,4.75,,,12.0,,
4.8,6.25,4.25,2.25,3.25,,,,5.2,3.25,,11.3,10.3,,,14.25
2.0,2.75,,,,4.0,4.75,,,,,,,11.5,,
5.2,7.5,,,,7.0,8.25,8.75,3.8,,8.0,,,22.75,,
3.4,4.5,,,,2.75,5.25,,,,,,,12.5,,
3.0,3.5,,,,4.0,5.0,6.75,4.0,,5.25,,,12.5,,
6.0,5.5,5.5,4.75,5.25,,,,6.6,5.17,,16.25,16.0,,,18.1
5.4,6.75,,,,3.75,6.5,7.75,2.4,,6.0,,,17.0,,
3.0,6.5,,,,3.25,6.25,7.5,2.6,,5.67,,,16.0,,
3.6,7.75,,,,3.0,5.5,8.0,3.6,,5.5,,,16.25,,
5.4,7.75,,,,3.5,6.5,8.25,3.0,,6.08,,,17.75,,
3.8,5.0,,,,3.75,6.5,6.25,3.0,,5.5,,,15.25,,
3.4,6.25,,,,1.75,4.25,4.75,2.8,,3.58,,,12.25,,
3.4,7.75,,,,3.0,6.0,8.5,4.0,,5.83,,,16.75,,
4.0,7.75,,,,2.25,6.75,6.5,3.0,,5.17,,,16.75,,
4.4,7.75,4.5,5.75,7.25,,,,2.6,5.83,,14.65,17.4,,,11.5
3.8,6.0,,,,2.75,5.25,8.0,2.4,,5.33,,,14.0,,
3.8,6.0,,,,2.5,6.0,6.75,2.4,,5.08,,,14.5,,
4.6,6.0,,,,4.25,7.75,7.75,2.6,,6.58,,,18.0,,
3.6,6.25,,,,1.75,5.0,7.25,2.8,,4.67,,,13.0,,
2.6,5.75,,,,2.5,3.5,4.25,2.2,,3.42,,,11.75,,
5.8,,3.75,2.0,,,,,,,,11.55,,,,
3.6,7.25,,,,2.5,6.25,8.75,2.8,,5.83,,,16.0,,
3.6,6.5,,,,3.25,5.25,6.75,3.4,,5.08,,,15.0,,
3.8,4.5,,,,5.0,4.5,7.25,3.2,,5.58,,,14.0,,
4.0,4.5,,,,2.5,4.75,7.0,2.8,,4.75,,,11.75,,
3.0,6.0,,,,3.0,5.5,6.5,2.8,,5.0,,,14.5,,
3.6,6.5,,,,3.25,4.75,7.75,2.4,,5.25,,,14.5,,
4.2,5.25,,,,4.75,6.75,,,,,,,16.75,,
5.2,7.25,,,,4.75,7.25,8.5,3.6,,6.83,,,19.25,,
3.0,3.25,,,,2.5,4.25,,,,,,,10.0,,
5.2,6.5,,,,4.25,6.25,8.0,3.6,,6.17,,,17.0,,
,2.5,,,,3.5,4.0,,,,,,,10.0,,
5.4,7.25,,,,3.5,5.0,6.25,3.4,,4.92,,,15.75,,
1.8,2.75,,,,3.5,3.25,5.5,3.8,,4.08,,,9.5,,
4.0,3.75,,,,3.25,6.25,6.75,3.4,,5.42,,,13.25,,
4.2,4.0,,,,2.75,4.75,6.5,2.2,,4.67,,,11.5,,
2.2,4.0,,,,3.75,5.75,6.25,2.4,,5.25,,,13.5,,
2.0,3.0,,,,3.0,4.5,6.0,1.8,,4.5,,,10.5,,
4.2,3.25,,,,3.0,4.5,4.0,3.4,,3.83,,,10.75,,
2.6,3.75,,,,3.5,5.75,6.75,2.8,,5.33,,,13.0,,
3.0,5.0,2.5,3.25,2.5,,,,3.0,2.75,,8.75,8.75,,11.0,8.5
4.0,3.25,,,,4.0,5.75,5.5,2.6,,5.08,,,13.0,,
5.8,6.0,3.75,6.75,7.75,,,,4.4,6.08,,16.3,20.3,,,13.95
4.4,5.0,,,,3.75,4.75,6.25,2.4,,4.92,,,13.5,,
2.4,4.0,,,,3.75,5.75,4.5,2.8,,4.67,,,13.5,,
2.6,6.75,,,,5.0,7.75,8.5,3.8,,7.08,,,19.5,,
5.2,7.0,,,,2.75,4.75,6.5,2.8,,4.67,,,14.5,15.0,
4.6,7.75,,,,,,,6.2,,,,,,,
5.0,6.25,,,,4.25,6.25,7.25,3.6,,5.92,,,16.75,,
3.2,6.75,,,,4.0,5.5,8.25,2.8,,5.92,,,16.25,,
3.0,7.0,,,,3.0,4.75,5.5,3.0,,4.42,,,14.75,13.0,
4.0,6.75,,,,2.75,5.5,6.75,2.8,,5.0,,,15.0,,
3.4,6.0,,,,4.0,3.75,5.25,2.0,,4.33,,,13.75,,
4.6,7.5,,,,8.0,,,,,,,,,,
2.6,5.0,,,,4.25,3.75,5.75,2.4,,4.58,,,13.0,10.0,
3.6,6.0,,,,6.0,7.25,7.0,2.0,,6.75,,,19.25,,
2.8,3.75,,,,3.75,7.0,,,,,,,14.5,,
6.0,6.75,,,,7.75,6.5,8.5,4.0,,7.58,,,21.0,,
4.6,4.0,,,,5.5,6.75,9.0,2.6,,7.08,,,16.25,,
6.6,7.75,,,,5.5,7.0,7.25,2.8,,6.58,,,20.25,,
6.0,8.25,,,,4.5,8.75,8.25,4.4,,7.17,,,21.5,,
4.0,7.5,,,,4.25,6.0,7.5,3.6,,5.92,,,17.75,,
6.4,6.25,6.75,6.0,6.25,,,,4.0,6.33,,19.15,18.65,,,17.15
4.6,6.0,,,,5.25,6.5,7.0,2.4,,6.25,,,17.75,13.0,
,6.25,,,,4.25,6.75,,,,,,,17.25,,
3.2,6.5,,,,3.75,5.5,8.0,2.6,,5.75,,,15.75,,
4.0,6.75,,,,2.75,6.75,8.5,4.2,,6.0,,,16.25,,
5.0,,,4.0,6.5,,,,,,,,15.5,,,
3.8,5.0,,,,4.5,6.5,7.0,3.6,,6.0,,,16.0,,
2.6,4.25,,,,2.5,4.0,,,,,,,10.75,,
4.0,5.0,,,,2.5,4.25,6.0,3.0,,4.25,,,11.75,12.0,
5.6,6.25,,,,4.5,4.75,7.5,3.0,,5.58,,,15.5,,
7.4,8.75,,,,,,,5.6,,,,,,,
2.4,3.0,,,,1.0,2.75,,,,,,,6.75,,
2.8,6.0,,,,4.0,5.25,7.25,2.4,,5.5,,,15.25,,
3.4,6.0,,,,2.75,3.75,6.0,2.4,,4.17,,,12.5,,
1.8,4.75,,,,2.5,4.25,4.0,4.2,,3.58,,,11.5,,
,6.25,,,,4.75,3.75,,,,,,,14.75,,
5.0,5.75,,,,4.75,6.0,9.0,3.8,,6.58,,,16.5,,
5.2,5.75,,,,4.25,7.25,7.5,3.4,,6.33,,,17.25,,
2.2,6.25,,,,4.5,5.75,7.5,1.8,,5.92,,,16.5,,
3.6,3.25,,,,3.25,3.75,6.25,1.6,,4.42,,,10.25,,
2.6,3.5,,,,3.75,5.75,5.75,2.6,,5.08,,,13.0,,
3.4,4.0,,,,2.5,2.5,3.75,0.6,,2.92,,,9.0,8.0,
1.8,2.75,,,,2.75,3.25,5.5,2.8,,3.83,,,8.75,,
5.2,5.25,5.0,4.25,4.75,,,,3.6,4.67,,14.45,14.2,,,13.8
4.2,8.25,,,,6.75,,,,,,,,,,
2.4,6.75,,,,4.5,6.25,8.0,2.6,,6.25,,,17.5,,
2.6,5.75,,,,2.25,3.5,6.75,3.0,,4.17,,,11.5,,
4.4,5.0,,,,3.25,3.75,6.75,3.2,,4.58,,,12.0,,
2.2,4.25,,,,3.75,5.5,,,,,,,13.5,,
3.0,6.75,,,,3.25,5.5,6.0,3.2,,4.92,,,15.5,,
,6.5,,,,6.25,7.75,,,,,,,20.5,,
2.4,3.25,,,,3.75,5.75,,,,,,,12.75,,
2.2,4.0,,,,2.0,3.25,7.25,2.4,,4.17,,,9.25,,
3.2,5.25,,,,3.75,5.5,5.75,3.4,,5.0,,,14.5,,
3.2,4.0,,,,4.0,6.0,7.75,3.0,,5.92,,,14.0,,
2.4,4.75,,,,4.0,5.5,7.5,3.4,,5.67,,,14.25,,
4.8,7.75,,,,6.0,7.0,9.25,2.2,,7.42,,,20.75,,
3.6,3.0,,,,2.25,5.75,8.5,2.4,,5.5,,,11.0,9.0,
4.6,7.75,,,,3.0,7.0,8.75,3.8,,6.25,,,17.75,,
3.8,5.5,,,,4.25,6.25,7.5,3.4,,6.0,,,16.0,,
3.2,5.0,,,,2.75,4.25,5.75,2.4,,4.25,,,12.0,,
4.8,7.5,,,,3.75,5.5,8.0,2.4,,5.75,,,16.75,,
3.4,5.0,,,,3.5,5.25,7.25,2.8,,5.33,,,13.75,,
,6.75,,,,3.0,5.25,,,,,,,15.0,,
4.2,5.0,,,,4.25,5.5,7.0,2.2,,5.58,,,14.75,,
3.2,7.75,,,,3.0,5.5,7.75,2.6,,5.42,,,16.25,,
3.4,6.5,,,,4.25,5.25,7.5,2.2,,5.67,,,16.0,,
,4.25,,,,3.0,5.25,,,,,,,12.5,,
5.8,7.75,4.75,4.75,5.75,,,,3.0,5.08,,15.3,16.3,,,13.55
4.8,6.75,,,,4.0,4.75,6.5,4.2,,5.08,,,15.5,,
3.0,5.25,,,,2.0,4.75,6.25,2.6,,4.33,,,12.0,,
4.4,5.75,,,,4.25,6.25,8.0,5.0,,6.17,,,16.25,,
2.2,3.25,,,,4.25,3.5,6.25,2.8,,4.67,,,11.0,,
3.2,4.25,,,,2.5,4.5,6.25,1.6,,4.42,,,11.25,,
5.2,8.75,,,,5.25,8.0,9.5,2.6,,7.58,,,22.0,,
3.0,5.5,,,,5.0,6.75,7.0,3.4,,6.25,,,17.25,,
5.0,7.0,,,,3.0,6.0,7.5,2.4,,5.5,,,16.0,,
4.2,6.25,,,,3.25,6.75,6.0,3.4,,5.33,,,16.25,,
3.2,1.75,,,,3.25,5.0,,,,,,,10.0,,
2.6,6.75,,,,4.0,3.0,5.25,3.2,,4.08,,,13.75,,
3.2,3.25,,,,2.75,5.75,,,,,,,11.75,,
2.8,5.25,,,,3.5,3.75,5.75,3.6,,4.33,,,12.5,,
3.4,3.75,,,,3.75,6.0,6.0,2.2,,5.25,,,13.5,,
2.2,3.75,,,,4.0,4.5,,,,,,,12.25,,
2.0,2.75,,,,2.25,6.5,,,,,,,11.5,,
3.2,7.25,,,,4.25,3.25,8.25,3.2,,5.25,,,14.75,,
5.4,5.0,,,,4.5,5.75,7.25,3.4,,5.83,,,15.25,,
2.8,4.25,,,,3.0,3.75,6.0,2.2,,4.25,,,11.0,,
3.4,6.5,,,,3.5,5.0,7.75,2.4,,5.42,,,15.0,,
5.4,8.25,,,,3.5,5.75,8.25,2.6,,5.83,,,17.5,,
4.4,6.25,,,,5.0,7.25,9.25,2.8,,7.17,,,18.5,,
5.0,7.0,,,,6.0,8.5,8.5,3.8,,7.67,,,21.5,,
5.8,8.25,,,,4.75,7.25,7.75,3.2,,6.58,,,20.25,,
3.6,4.25,,,,3.5,5.5,,,,,,,13.25,,
6.6,6.5,3.5,4.0,6.0,,,,4.4,4.5,,14.1,16.6,,,14.5
3.2,6.0,,,,3.75,5.5,7.0,2.0,,5.42,,,15.25,,
2.6,6.5,,,,2.25,4.5,6.0,2.6,,4.25,,,13.25,,
3.8,7.25,,,,4.5,7.25,8.0,3.2,,6.58,,,19.0,,
5.8,7.25,,,,4.0,,,,,,,,,,
,8.25,,,,6.75,9.0,,,,,,,24.0,,
6.8,7.25,1.5,5.75,5.75,,,,6.6,4.33,,14.05,18.3,,,14.9
4.4,7.0,,,,3.25,5.5,8.0,2.6,,5.58,,,15.75,14.0,
4.2,6.5,,,,3.0,7.0,7.5,4.2,,5.83,,,16.5,,
4.8,7.0,,,,3.25,6.75,9.25,5.2,,6.42,,,17.0,17.0,
4.4,7.5,,,,4.25,5.5,8.25,3.0,,6.0,,,17.25,,
5.0,7.75,,,,3.0,6.0,8.5,2.6,,5.83,,,16.75,,
2.6,5.75,,,,2.0,4.75,4.75,2.6,,3.83,,,12.5,,
4.4,6.5,,,,3.0,7.25,8.25,1.8,,6.17,,,16.75,,
4.0,6.75,,,,3.5,7.5,8.0,2.2,,6.33,,,17.75,,
4.4,8.75,,,,8.75,4.0,,1.2,,,,,21.5,,
5.0,7.25,,,,4.25,6.0,8.5,3.6,,6.25,,,17.5,,
3.6,3.75,,,,3.0,4.5,7.75,2.2,,5.08,,,11.25,,
3.4,4.25,,,,2.5,3.75,5.25,2.4,,3.83,,,10.5,,
3.6,6.25,,,,3.5,5.25,6.5,2.8,,5.08,,,15.0,,
3.2,4.75,,,,1.5,5.0,4.75,2.8,,3.75,,,11.25,,
3.8,6.5,,,,4.0,5.0,7.25,3.0,,5.42,,,15.5,,
2.6,4.75,,,,3.0,5.25,5.75,3.6,,4.67,,,13.0,,
3.2,3.5,,,,2.0,5.25,5.25,2.2,,4.17,,,10.75,,
4.6,5.25,,,,2.75,5.0,6.0,2.2,,4.58,,,13.0,,
5.0,4.5,3.25,7.0,6.75,,,,5.0,5.67,,15.25,18.75,,,13.25
5.8,8.5,,,,5.0,6.5,9.5,8.0,,7.0,,,20.0,,
5.0,6.25,2.25,3.0,2.75,,,,6.0,2.67,,10.25,10.75,,,13.25
5.0,8.75,,,,3.5,6.25,6.75,7.2,,5.5,,,18.5,,
6.2,7.75,5.5,5.25,4.5,,,,6.6,5.08,,16.95,15.95,,,18.3
5.4,7.25,,,,2.5,3.75,6.5,5.6,,4.25,,,13.5,,
6.6,6.5,7.0,3.5,2.0,,,,6.6,4.17,,17.1,12.1,,,20.2
5.0,8.75,,,,3.25,6.25,6.5,5.8,,5.33,,,18.25,,
2.4,5.25,,,,3.0,3.0,5.75,3.4,,3.92,,,11.25,,
6.0,7.25,4.75,5.25,5.0,,,,,5.0,,16.0,16.25,,,
2.4,2.75,,,,2.75,4.5,7.0,2.6,,4.75,,,10.0,,
2.4,6.25,,,,3.0,6.25,6.0,3.0,,5.08,,,15.5,,
2.4,5.0,,,,3.5,3.75,3.75,3.6,,3.67,,,12.25,11.0,
6.2,7.5,,,,5.5,8.0,8.25,5.6,,7.25,,,21.0,,
3.0,5.75,,,,4.5,6.0,7.5,2.6,,6.0,,,16.25,,
3.0,5.5,,,,3.75,7.5,8.25,5.6,,6.5,,,16.75,,
3.0,5.25,,,,4.5,5.75,7.0,2.6,,5.75,,,15.5,,
2.4,3.75,,,,2.0,3.75,4.5,3.0,,3.42,,,9.5,,
4.8,8.0,,,,5.0,5.25,7.25,3.8,,5.83,,,18.25,,
4.2,6.5,,,,3.5,6.0,8.25,2.8,,5.92,,,16.0,,
2.8,6.25,,,,3.25,5.0,6.75,2.2,,5.0,,,14.5,,
3.6,5.75,,,,4.0,5.25,8.5,3.4,,5.92,,,15.0,,
4.2,6.25,,,,2.75,7.0,9.0,2.6,,6.25,,,16.0,,
4.6,7.0,,,,2.5,6.25,9.25,2.8,,6.0,,,15.75,,
1.0,5.25,,,,2.75,5.5,5.75,1.8,,4.67,,,13.5,,
3.4,4.5,,,,3.5,5.0,7.5,2.2,,5.33,,,13.0,,
3.4,3.5,,,,3.75,6.25,7.75,3.8,,5.92,,,13.5,,
3.8,8.5,,,,6.25,8.0,8.5,3.4,,7.58,,,22.75,,
4.0,6.5,,,,5.75,5.5,7.25,3.2,,6.17,,,17.75,,
6.0,5.25,,,,4.5,7.0,7.75,7.0,,6.42,,,16.75,,
4.4,7.25,,,,6.75,,,,,,,,,,
5.8,8.75,,,,8.25,2.25,,,,,,,19.25,,
6.2,9.0,,,,6.25,2.0,,,,,,,17.25,,
3.2,5.75,,,,6.5,,,,,,,,,,
5.8,8.25,,,,6.25,2.5,,,,,,,17.0,,
3.8,4.75,,,,6.25,,,,,,,,,,
2.6,5.75,,,,7.5,,,,,,,,,,
7.2,7.75,,,,6.5,2.5,,,,,,,16.75,,
5.4,6.5,,,,4.25,5.25,,,,,,,16.0,,
5.4,7.25,,,,4.75,,,3.4,,,,,,,
5.4,8.5,,,,7.0,1.5,,,,,,,17.0,,
2.6,,2.0,,,,,,2.2,,,,,,,6.8
7.4,8.0,,,,7.75,2.0,,,,,,,17.75,,
3.2,6.5,,,,5.0,3.25,,,,,,,14.75,,
6.8,7.75,,,,8.0,2.0,,,,,,,17.75,,
7.0,7.5,,,,8.5,4.75,,,,,,,20.75,,
3.8,6.75,,,,5.0,4.5,,,,,,,16.25,,
4.4,4.5,,,,6.0,1.75,,,,,,,12.25,,
4.8,3.0,,,,5.75,,,,,,,,,,
2.8,,2.25,3.5,,,,,,,,8.55,,,,
3.2,5.75,,,,3.5,6.25,5.75,2.4,,5.17,,,15.5,,
3.6,5.0,,,,3.25,6.0,8.25,2.4,,5.83,,,14.25,11.0,
4.0,7.0,,,,4.0,5.25,7.75,3.8,,5.67,,,16.25,,
3.6,4.25,,,,3.5,6.0,6.75,3.4,,5.42,,,13.75,,
2.2,3.75,,,,2.75,4.5,4.25,2.6,,3.83,,,11.0,,
2.8,5.0,,,,3.25,5.0,5.0,2.0,,4.42,,,13.25,,
5.4,6.75,,,,3.5,7.0,6.75,3.8,,5.75,,,17.25,,
3.4,7.0,,,,2.75,4.5,5.75,2.8,,4.33,,,14.25,,
5.4,6.25,,,,4.0,6.25,7.25,3.2,,5.83,,,16.5,,
4.6,7.75,,,,7.5,4.25,,,,,,,19.5,,
1.8,2.5,,,,3.0,2.25,,,,,,,7.75,,
4.6,6.0,,,,3.0,3.0,,,,,,,12.0,,
7.0,8.5,,,,7.0,2.25,,,,,,,17.75,,
5.0,7.25,,,,7.5,1.0,,,,,,,15.75,,
,7.5,,,,3.5,3.5,,,,,,,14.5,,
5.4,7.0,,,,6.0,2.5,,,,,,,15.5,,
6.8,8.0,,,,6.75,2.25,,,,,,,17.0,,
6.2,7.0,,,,4.0,0.75,,,,,,,11.75,,
5.0,7.0,,,,6.25,4.25,,,,,,,17.5,,
4.8,5.25,,,,3.75,5.5,6.75,6.8,,5.33,,,14.5,,
5.2,7.5,,,,3.25,4.75,8.0,4.4,,5.33,,,15.5,,
6.0,4.0,6.75,6.25,3.75,,,,4.8,5.58,,19.0,16.0,,,17.55
5.0,8.0,6.25,4.0,4.75,,,,5.0,5.0,,15.25,13.75,,18.0,16.25
5.4,5.75,,,,3.25,5.25,2.75,3.4,,3.75,,,14.25,,
3.0,1.5,,,,3.75,3.75,4.25,1.4,,3.92,,,9.0,,
5.2,6.25,,,,3.75,5.75,8.5,3.8,,6.0,,,15.75,,
3.6,6.75,,,,6.25,7.0,7.75,2.8,,7.0,,,20.0,,
2.4,7.0,,,,2.75,5.0,7.25,2.2,,5.0,,,14.75,,
3.0,5.0,,,,4.25,5.0,7.75,2.6,,5.67,,,14.25,,
4.8,8.0,,,,7.75,8.0,8.5,6.2,,8.08,,,23.75,19.0,
2.8,6.5,,,,3.25,4.5,7.25,3.8,,5.0,,,14.25,,
4.6,7.5,,,,6.5,6.25,6.25,4.2,,6.33,,,20.25,,
4.0,8.0,,,,4.5,6.5,8.25,6.6,,6.42,,,19.0,,
5.4,6.75,,,,2.75,4.75,6.5,5.4,,4.67,,,14.25,,
5.0,6.5,,,,5.0,6.75,6.25,3.2,,6.0,,,18.25,,
4.8,7.0,,,,4.0,5.0,8.25,5.2,,5.75,,,16.0,17.0,
4.2,6.75,,,,4.25,6.75,8.0,3.6,,6.33,,,17.75,,
4.8,5.25,4.0,5.5,4.25,,,,4.4,4.58,,14.3,14.55,,,13.2
6.8,6.25,6.75,6.5,5.0,,,,3.2,6.08,,20.05,18.3,,,16.75
4.2,8.0,2.75,2.5,2.75,,,,4.4,2.67,,9.45,9.45,,,11.35
5.8,5.5,5.0,4.5,4.5,,,,6.0,4.67,,15.3,14.8,,,16.8
5.6,6.0,5.5,6.5,5.75,,,,4.0,5.92,,17.6,17.85,,,15.1
6.4,6.5,6.5,5.0,6.0,,,,5.6,5.83,,17.9,17.4,,,18.5
7.2,5.25,6.25,6.5,6.25,,,,3.2,6.33,,19.95,19.95,,,16.65
6.0,7.5,4.75,3.75,4.75,,,,3.6,4.42,,14.5,14.5,,,14.35
7.2,6.75,7.0,7.0,5.25,,,,3.2,6.42,,21.2,19.45,,,17.4
4.6,7.0,4.5,2.0,3.75,,,,4.4,3.42,,11.1,10.35,,16.0,13.5
4.8,7.75,6.0,6.0,6.25,,,,3.8,6.08,,16.8,17.05,,,14.6
4.8,7.0,4.0,4.25,5.0,,,,2.2,4.42,,13.05,14.05,,14.0,11.0
5.2,3.75,3.0,3.0,4.0,,,,4.2,3.33,,11.2,12.2,,,12.4
6.2,4.0,5.5,2.0,4.25,,,,6.8,3.92,,13.7,12.45,,17.0,18.5
5.8,8.0,,,,4.0,6.25,8.75,3.4,,6.33,,,18.25,,
3.0,4.5,,,,3.0,3.75,6.5,5.8,,4.42,,,11.25,,
5.0,4.75,4.0,6.5,6.0,,,,2.6,5.5,,15.5,17.5,,,11.6
5.4,8.25,,,,7.25,,,,,,,,,,
5.2,5.25,3.5,5.25,5.75,,,,4.6,4.83,,13.95,16.2,,,13.3
4.0,7.0,,,,4.25,6.0,6.5,5.6,,5.58,,,17.25,,
4.8,6.0,,,,4.0,5.5,,,,,,,15.5,,
4.4,6.5,,,,6.0,,,,,,,,,,
7.6,7.75,6.5,6.5,5.75,,,,7.0,6.25,,20.6,19.85,,,21.1
6.0,6.5,,,,,,,6.0,,,,,,,
2.4,3.0,,,,3.5,4.5,,,,,,,11.0,,
3.2,2.75,,,,3.5,5.0,,,,,,,11.25,,
4.8,8.25,3.5,3.75,3.25,,,,4.0,3.5,,12.05,11.8,,,12.3
4.6,6.75,,,,2.5,5.25,7.0,5.0,,4.92,,,14.5,,
4.0,7.5,,,,5.5,6.0,7.75,2.8,,6.42,,,19.0,,
2.4,2.75,,,,3.75,4.25,,,,,,,10.75,,
4.4,5.75,,,,,,,2.4,,,,,,,
5.2,6.25,5.0,3.5,4.0,,,,6.8,4.17,,13.7,12.7,,,17.0
6.6,8.0,,,,,,,4.0,,,,,,,
6.8,4.0,7.5,3.75,5.5,,,,7.4,5.58,,18.05,16.05,,,21.7
2.8,3.25,,,,3.75,7.25,,,,,,,14.25,,
2.2,6.0,,,,5.25,5.75,7.0,3.8,,6.0,,,17.0,12.0,
4.6,7.25,,,,8.0,7.0,6.0,3.6,,7.0,,,22.25,,
3.6,3.0,,,,2.5,5.0,6.0,2.0,,4.5,,,10.5,,
6.6,7.5,4.5,5.0,5.0,,,,3.4,4.83,,16.1,16.6,,,14.5
3.8,6.75,,,,4.0,5.5,6.0,3.2,,5.17,,,16.25,,
2.8,3.25,,,,1.75,2.25,,,,,,,7.25,,
5.4,6.5,5.25,2.5,2.75,,,,4.8,3.5,,13.15,10.65,,,15.45
3.2,4.5,,,,2.0,4.5,6.25,2.8,,4.25,,,11.0,,
3.8,6.0,,,,3.0,7.0,7.0,1.8,,5.67,,,16.0,,
3.6,6.0,,,,2.0,4.5,6.25,2.8,,4.25,,,12.5,,
2.2,4.5,,,,3.25,5.25,7.0,3.2,,5.17,,,13.0,,
2.2,4.0,,,,3.0,3.75,6.75,3.0,,4.5,,,10.75,,
2.4,3.0,,,,3.0,5.0,5.25,3.6,,4.42,,,11.0,9.0,
4.0,5.25,,,,2.25,4.25,5.25,3.8,,3.92,,,11.75,,
3.2,6.75,,,,3.0,5.5,6.5,2.4,,5.0,,,15.25,,
3.8,8.0,,,,5.25,,,,,,,,,,
4.8,5.25,,,,3.75,5.5,7.25,3.6,,5.5,,,14.5,,
6.6,5.5,5.5,2.75,5.25,,,,8.2,4.5,,14.85,14.6,,,20.3
5.2,5.25,4.0,6.0,5.25,,,,2.6,5.08,,15.2,16.45,,,11.8
2.4,4.25,,,,2.75,3.0,5.5,3.4,,3.75,,,10.0,,
6.4,6.0,6.75,5.0,5.25,,,,3.8,5.67,,18.15,16.65,,,16.95
2.8,6.0,,,,4.0,6.25,7.5,2.8,,5.92,,,16.25,,
4.4,6.5,,,,5.5,7.25,8.75,3.0,,7.17,,,19.25,,
2.8,4.25,,,,3.0,5.25,6.5,1.8,,4.92,,,12.5,,
2.0,5.0,,,,2.25,4.5,5.0,3.2,,3.92,,,11.75,,
3.4,7.75,,,,5.25,5.75,7.25,1.6,,6.08,,,18.75,,
4.2,6.0,,,,2.5,6.75,7.0,3.6,,5.42,,,15.25,,
3.0,5.25,,,,3.0,5.5,5.0,2.6,,4.5,,,13.75,,
4.0,5.75,,,,2.75,6.25,7.5,3.6,,5.5,,,14.75,,
4.2,7.0,,,,3.5,5.5,8.25,4.2,,5.75,,,16.0,,
4.0,6.75,,,,2.75,5.25,7.0,2.8,,5.0,,,14.75,,
6.2,8.0,6.25,7.75,5.75,,,,5.2,6.58,,20.2,19.7,,,17.65
6.0,7.25,6.0,4.25,4.5,,,,7.6,4.92,,16.25,14.75,,,19.6
3.6,4.75,,,,3.0,2.75,4.5,3.4,,3.42,,,10.5,,
5.6,6.0,5.5,5.75,3.75,,,,2.4,5.0,,16.85,15.1,,14.0,13.5
3.6,6.25,,,,3.75,6.0,7.25,4.0,,5.67,,,16.0,,
1.8,3.5,,,,2.75,5.0,4.25,1.0,,4.0,,,11.25,,
3.4,6.75,,,,3.5,7.5,8.25,3.4,,6.42,,,17.75,,
4.4,5.25,,,,3.75,4.25,7.25,3.2,,5.08,,,13.25,,
4.2,5.75,,,,4.5,5.75,8.25,4.2,,6.17,,,16.0,,
3.4,5.25,,,,3.75,6.5,,,,,,,15.5,,
4.2,6.0,,,,3.5,4.25,7.5,2.8,,5.08,,,13.75,13.0,
3.6,5.0,,,,4.5,4.5,7.25,3.8,,5.42,,,14.0,,
6.0,6.5,,,,7.0,7.5,8.25,4.0,,7.58,,,21.0,,
4.0,7.5,,,,3.75,5.5,6.25,2.2,,5.17,,,16.75,,
4.4,6.0,,,,5.25,5.25,7.75,3.8,,6.08,,,16.5,,
3.4,6.5,,,,4.25,6.0,7.75,2.8,,6.0,,,16.75,,
4.4,6.5,,,,3.75,4.5,8.0,3.2,,5.42,,,14.75,,
3.8,7.0,,,,4.5,6.25,7.5,3.0,,6.08,,,17.75,,
2.6,5.0,,,,2.75,3.25,,,,,,,11.0,,
3.8,6.5,,,,5.0,6.0,7.0,1.6,,6.0,,,17.5,,
,3.0,,,2.75,,3.25,,,,,,,,,
3.8,8.0,,,,4.0,5.75,7.0,2.8,,5.58,,,17.75,,
2.6,5.0,,,,3.25,4.0,4.75,2.8,,4.0,,,12.25,,
4.2,3.0,,,,5.75,6.25,6.25,3.2,,6.08,,,15.0,,
4.0,6.0,,,,4.25,5.0,6.5,2.6,,5.25,,,15.25,,
2.8,2.5,,,,2.75,3.5,4.0,2.6,,3.42,,,8.75,,
2.6,5.0,,,,3.75,5.75,7.0,3.0,,5.5,,,14.5,,
2.2,1.5,,,,2.75,2.25,4.0,1.6,,3.0,,,6.5,,
2.0,3.5,,,,2.75,5.25,5.75,2.4,,4.58,,,11.5,,
3.2,7.75,,,,3.0,4.75,7.75,3.6,,5.17,,,15.5,,
4.2,4.75,,,,3.75,5.0,6.5,3.0,,5.08,,,13.5,,
4.0,7.0,,,,4.0,6.0,7.75,2.6,,5.92,,,17.0,,
3.6,4.5,,,,2.75,5.25,,,,,,,12.5,,
4.2,8.5,,,,5.0,6.75,8.0,3.8,,6.58,,,20.25,,
3.4,5.75,,,,4.25,5.0,7.75,1.6,,5.67,,,15.0,,
3.2,5.0,,,,4.0,5.75,6.75,3.4,,5.5,,,14.75,,
4.0,5.5,,,,3.5,5.5,7.5,2.2,,5.5,,,14.5,,
4.0,5.0,,,,3.75,6.75,6.5,4.0,,5.67,,,15.5,13.0,
2.6,4.5,,,,3.75,4.75,6.5,1.2,,5.0,,,13.0,,
3.2,6.0,,,,3.75,3.5,7.25,2.2,,4.83,,,13.25,,
4.8,6.0,,,,3.75,4.5,7.25,3.8,,5.17,,,14.25,,
3.6,7.75,,,,5.5,7.25,8.5,2.6,,7.08,,,20.5,,
4.6,4.0,,,,3.75,6.0,6.5,2.0,,5.42,,,13.75,,
2.4,6.25,,,,4.0,4.0,7.5,4.6,,5.17,,,14.25,,
6.6,3.0,4.75,4.5,4.75,,,,3.8,4.67,,15.85,15.85,,,15.15
4.0,6.75,,,,4.5,7.5,7.75,2.6,,6.58,,,18.75,,
3.4,5.5,,,,5.25,6.25,6.5,2.0,,6.0,,,17.0,,
2.8,4.5,,,,2.5,5.25,6.25,2.4,,4.67,,,12.25,,
3.4,3.5,,,,3.0,5.25,5.0,2.0,,4.42,,,11.75,,
6.0,,5.5,6.0,,,,,,,,17.5,,,,
2.2,3.0,,,,1.5,4.25,5.25,2.2,,3.67,,,8.75,,
3.2,4.25,,,,2.5,5.0,6.5,2.0,,4.67,,,11.75,,
2.0,6.0,,,,3.25,5.0,6.5,1.4,,4.92,,,14.25,,
4.2,6.0,,,,3.5,5.75,7.0,2.4,,5.42,,,15.25,,
4.8,4.75,,,,3.0,2.25,2.25,4.0,,2.5,,,10.0,,
2.8,5.25,,,,2.5,4.5,6.5,2.4,,4.5,,,12.25,,
1.8,2.5,,,,3.5,4.5,,,,,,,10.5,,
3.6,4.0,,,,2.75,5.0,6.75,3.8,,4.83,,,11.75,,
3.6,8.5,,,,3.0,5.25,,,,,,,16.75,,
4.2,4.75,,,,5.5,4.25,7.0,2.6,,5.58,,,14.5,,
4.0,5.0,,,,3.75,4.75,7.0,2.8,,5.17,,,13.5,,
,5.75,,,,8.0,8.75,,,,,,,22.5,,
5.2,6.25,,,,3.0,4.75,6.75,2.2,,4.83,,,14.0,,
2.4,5.0,,,,3.5,4.5,,,,,,,13.0,,
2.6,5.25,,,,4.0,4.75,6.25,3.0,,5.0,,,14.0,,
,7.0,,,,8.0,7.5,,3.8,,,,,22.5,,
3.4,8.5,,,,2.75,6.25,7.25,3.2,,5.42,,,17.5,,
3.8,6.25,,,,4.25,5.25,6.75,3.0,,5.42,,,15.75,,
3.0,5.5,,,,2.5,5.75,6.5,1.6,,4.92,,,13.75,,
2.8,6.25,,,,3.75,3.75,6.75,2.6,,4.75,,,13.75,,
,6.0,,,,4.25,6.25,,,,,,,16.5,,
2.6,4.5,,,,4.5,3.0,,,,,,,12.0,,
3.4,3.5,,,,4.0,5.0,7.25,1.8,,5.42,,,12.5,,
2.2,3.75,,,,2.5,6.5,6.75,3.0,,5.25,,,12.75,,
1.8,3.5,,,,3.25,4.25,,,,,,,11.0,,
1.8,2.75,,,,1.5,3.75,5.0,3.4,,3.42,,,8.0,,
3.8,6.0,,,,2.25,5.25,7.5,3.6,,5.0,,,13.5,,
2.6,6.5,,,,2.75,5.25,7.5,3.0,,5.17,,,14.5,,
6.0,7.5,5.0,5.75,6.5,,,,4.6,5.75,,16.75,18.25,,,15.6
2.8,1.5,,,,3.0,5.0,6.75,2.2,,4.92,,,9.5,,
2.8,4.75,,,,5.5,4.5,7.75,3.4,,5.92,,,14.75,,
3.4,3.75,,,,4.0,5.75,,,,,,,13.5,,
4.8,6.75,,,,3.75,7.0,8.0,2.8,,6.25,,,17.5,,
2.2,1.75,,,,2.5,3.5,5.75,3.2,,3.92,,,7.75,,
4.2,5.5,,,,3.0,4.25,7.75,2.4,,5.0,,,12.75,,
5.4,7.5,,,,4.0,7.0,9.0,3.2,,6.67,,,18.5,,
4.6,7.0,,,,4.75,8.5,7.5,3.8,,6.92,,,20.25,,
3.2,4.75,,,,5.0,6.0,6.25,3.2,,5.75,,,15.75,,
3.0,2.75,,,,2.75,3.0,5.0,2.6,,3.58,,,8.5,,
4.0,6.5,,,,3.75,7.0,8.0,2.2,,6.25,,,17.25,,
7.4,8.5,4.25,4.75,5.0,,,,7.4,4.67,,16.4,17.15,,,19.05
3.6,5.75,,,,3.25,5.75,7.75,2.4,,5.58,,,14.75,,
3.8,6.75,,,,3.5,6.0,8.0,3.0,,5.83,,,16.25,,
4.0,5.0,,,,2.75,8.5,7.25,1.8,,6.17,,,16.25,,
5.0,5.25,,,,4.75,7.25,8.0,2.8,,6.67,,,17.25,,
4.8,5.75,,,,4.0,5.75,8.25,2.6,,6.0,,,15.5,,
,7.25,,,,7.0,8.5,,,,,,,22.75,,
,8.0,,,,6.25,5.25,,,,,,,19.5,,
4.0,7.25,,,,5.25,7.0,8.0,3.4,,6.75,,,19.5,,
,8.0,,,,6.0,7.25,,,,,,,21.25,,
2.6,5.5,,,,2.5,5.75,7.5,2.2,,5.25,,,13.75,,
2.4,5.0,,,,3.75,,,,,,,,,,
5.2,5.75,,,,2.5,6.0,7.75,2.4,,5.42,,,14.25,,
3.2,2.75,,,,3.5,2.5,3.5,1.4,,3.17,,,8.75,,
4.4,6.25,,,,3.75,4.75,7.5,2.2,,5.33,,,14.75,,
3.8,7.5,,,,4.5,5.75,7.75,2.6,,6.0,,,17.75,,
4.2,4.0,,,,2.5,3.75,,,,,,,10.25,,
4.4,8.25,,,,4.0,5.75,8.5,1.6,,6.08,,,18.0,,
5.0,6.75,,,,5.25,7.0,7.75,4.0,,6.67,,,19.0,,
4.2,5.25,,,,3.75,5.75,6.5,2.2,,5.33,,,14.75,,
5.8,5.0,,,,6.0,6.5,8.25,3.8,,6.92,,,17.5,,
3.8,2.75,,,,3.75,6.25,5.0,2.4,,5.0,,,12.75,,
2.6,2.75,,,,2.25,4.75,8.0,3.4,,5.0,,,9.75,,
3.0,4.25,,,,3.25,6.25,,,,,,,13.75,,
3.4,2.75,,,,3.75,3.5,,,,,,,10.0,,
2.0,5.0,,,,3.0,5.25,6.0,2.8,,4.75,,,13.25,,
3.0,5.5,,,,4.75,6.25,7.0,2.8,,6.0,,,16.5,,
4.2,8.0,,,,4.75,6.0,7.25,2.8,,6.0,,,18.75,15.0,
3.6,6.25,,,,3.75,5.5,8.0,2.8,,5.75,,,15.5,,
7.0,3.25,6.0,7.75,8.0,,,,3.0,7.25,,20.75,22.75,,,16.0
2.2,5.0,,,,3.75,5.75,6.5,3.0,,5.33,,,14.5,,
7.4,4.5,7.25,6.5,6.0,,,,5.0,6.58,,21.15,19.9,,,19.65
5.2,6.75,,,,3.75,6.0,9.25,1.8,,6.33,,,16.5,,
4.0,7.75,,,,3.75,7.25,8.0,4.4,,6.33,,,18.75,,
4.6,5.5,,,,3.5,5.25,7.75,3.2,,5.5,,,14.25,,
4.4,7.75,,,,5.0,7.0,8.0,2.2,,6.67,,,19.75,,
4.0,4.75,,,,4.25,6.0,,,,,,,15.0,,
2.4,4.25,,,,4.25,4.25,6.25,2.0,,4.92,,,12.75,,
4.0,3.25,4.75,4.75,5.25,,,,3.2,4.92,,13.5,14.0,,,11.95
1.8,3.75,,,,2.5,6.25,5.5,3.0,,4.75,,,12.5,,
8.0,,7.75,7.75,,,,,,,,23.5,,,,
5.6,7.75,,,,7.0,8.75,6.75,2.4,,7.5,,,23.5,,
4.6,4.5,,,,3.75,4.0,3.75,3.0,,3.83,,,12.25,,
3.6,6.0,,,,4.5,6.0,7.25,2.8,,5.92,,,16.5,,
3.2,4.5,4.25,2.75,5.0,,,,4.4,4.0,,10.2,10.95,,,11.85
4.4,7.0,,,,7.0,5.75,7.25,4.2,,6.67,,,19.75,,
4.8,7.5,,,,4.75,6.25,6.75,7.2,,5.92,,,18.5,,
5.2,8.5,,,,8.5,7.75,8.0,5.2,,8.08,,,24.75,,
3.8,8.25,,,,3.0,6.0,6.75,3.0,,5.25,,,17.25,,
2.6,8.0,,,,3.25,5.5,7.75,2.4,,5.5,,,16.75,13.0,
3.2,3.75,,,,2.75,4.75,3.75,2.6,,3.75,,,11.25,,
3.2,5.25,,,,2.5,5.0,4.5,2.4,,4.0,,,12.75,,
4.0,5.0,,,,5.5,7.5,8.25,2.8,,7.08,,,18.0,,
4.0,7.0,,,,4.5,7.75,8.25,3.0,,6.83,,,19.25,14.0,
3.8,5.75,,,,6.25,7.25,7.0,2.2,,6.83,,,19.25,,
2.8,4.25,,,,3.25,5.0,3.75,1.8,,4.0,,,12.5,,
3.4,7.0,,,,5.25,5.5,8.0,4.0,,6.25,,,17.75,,
2.6,4.5,,,,3.0,5.0,5.75,2.2,,4.58,,,12.5,,
2.2,6.0,,,,3.0,6.5,6.0,2.6,,5.17,,,15.5,,
3.0,5.0,,,,2.5,5.5,7.0,2.4,,5.0,,,13.0,,
5.8,7.5,,,,3.75,5.25,7.25,3.2,,5.42,,,16.5,,
4.8,7.25,,,,5.75,6.5,9.0,2.0,,7.08,,,19.5,,
2.6,4.25,,,,3.75,5.0,6.75,2.6,,5.17,,,13.0,,
4.0,5.75,,,,4.0,6.5,8.25,3.8,,6.25,,,16.25,,
7.0,8.25,5.75,6.25,5.5,,,,3.2,5.83,,19.0,18.75,,,15.95
4.4,6.75,,,,4.25,5.0,8.5,2.4,,5.92,,,16.0,,
2.0,5.5,,,,5.0,6.0,7.75,2.4,,6.25,,,16.5,,
4.2,5.25,,,,2.5,5.25,7.5,2.6,,5.08,,,13.0,,
3.2,2.5,,,,3.0,5.25,4.75,3.6,,4.33,,,10.75,,
3.2,3.5,,,,2.75,5.25,5.75,3.2,,4.58,,,11.5,,
2.2,4.5,,,,3.0,4.0,5.5,2.2,,4.17,,,11.5,,
3.4,3.75,,,,3.25,6.0,6.25,1.8,,5.17,,,13.0,,
3.6,7.5,,,,5.25,6.0,8.25,3.0,,6.5,,,18.75,,
2.6,4.25,,,,2.0,5.5,6.75,2.0,,4.75,,,11.75,,
4.0,4.5,,,,4.25,7.5,7.75,3.4,,6.5,,,16.25,,
3.0,6.75,,,,5.0,5.0,7.25,2.2,,5.75,,,16.75,,
5.6,3.75,4.25,3.5,5.75,,,,0.8,4.5,,13.35,14.85,,,10.65
5.0,6.25,4.25,5.5,5.75,,,,3.6,5.17,,14.75,16.25,,,12.85
4.6,8.0,,,,5.5,4.0,,,,,,,17.5,,
6.2,7.75,,,,5.75,,,,,,,,,,
3.2,7.25,,,,4.75,,,,,,,,,,
3.2,7.25,,,,4.25,,,,,,,,,,
5.6,6.75,,,,5.0,2.75,,,,,,,14.5,,
2.0,6.0,,,,4.0,,,,,,,,,,
6.6,7.5,,,,8.0,4.25,,,,,,,19.75,,
6.2,8.0,,,,8.25,2.25,,,,,,,18.5,,
3.2,6.25,,,,3.5,,,,,,,,,,
6.6,8.25,,,,6.5,3.25,,,,,,,18.0,,
4.2,,3.0,3.75,,,,,,,,10.95,,,,
4.2,4.5,,,,3.75,,,,,,,,,,
2.8,4.0,,,,2.5,,,,,,,,,,
3.8,6.25,,,,4.5,,,,,,,,,,
5.2,7.5,,,,6.0,,,,,,,,,,
1.8,4.5,,,,2.0,,,,,,,,,,
6.6,8.0,,,,8.75,2.25,,,,,,,19.0,,
6.0,8.5,,,,7.25,2.0,,,,,,,17.75,,
5.6,8.75,,,,7.5,0.0,,,,,,,16.25,,
,4.0,,,,4.25,5.25,,,,,,,13.5,,
2.8,4.5,,,,3.0,,,,,,,,,,
2.6,6.75,,,,4.25,6.0,8.0,3.4,,6.08,,,17.0,,
3.8,6.5,,,,4.25,5.75,6.0,3.8,,5.33,,,16.5,,
2.4,3.75,,,,2.5,3.5,7.5,3.0,,4.5,,,9.75,,
3.6,7.0,,,,2.25,5.0,6.75,2.8,,4.67,,,14.25,,
2.8,2.5,,,,2.5,3.0,4.0,2.6,,3.17,,,8.0,,
5.8,9.0,,,,5.0,7.5,8.5,4.0,,7.0,,,21.5,,
6.4,7.25,,,,5.75,7.25,9.0,4.8,,7.33,,,20.25,,
4.2,4.0,,,,2.75,5.0,7.0,3.2,,4.92,,,11.75,,
4.4,6.5,,,,3.75,5.25,6.75,5.6,,5.25,,,15.5,,
4.4,5.5,,,,2.0,6.75,8.25,2.0,,5.67,,,14.25,,
3.2,3.75,,,,3.75,5.5,6.25,3.2,,5.17,,,13.0,,
4.2,6.0,,,,3.25,7.0,6.0,3.2,,5.42,,,16.25,,
3.2,5.75,,,,3.0,5.0,6.25,3.4,,4.75,,,13.75,,
3.4,4.0,,,,3.25,4.0,5.5,3.0,,4.25,,,11.25,,
6.4,8.25,,,,4.25,7.0,9.25,6.6,,6.83,,,19.5,,
5.2,6.5,,,,4.5,7.25,8.0,3.8,,6.58,,,18.25,,
3.6,6.5,,,,4.75,6.75,7.25,3.6,,6.25,,,18.0,,
2.6,2.75,,,,2.25,4.75,7.5,2.6,,4.83,,,9.75,,
3.0,2.25,,,,2.0,4.5,5.75,3.0,,4.08,,,8.75,,
4.4,7.75,,,,2.5,3.25,5.5,4.0,,3.75,,,13.5,,
4.2,6.5,,,,5.25,6.0,7.75,3.4,,6.33,,,17.75,,
3.2,5.5,,,,2.75,4.5,6.25,3.2,,4.5,,,12.75,,
3.8,6.0,,,,5.75,6.75,8.75,3.0,,7.08,,,18.5,,
7.0,5.0,5.5,8.0,3.0,,,,4.4,5.5,,20.5,18.0,,,16.9
2.4,4.0,1.75,2.25,3.25,,,,2.8,2.42,,6.4,7.9,,,6.95
3.6,4.0,3.25,2.75,2.75,,,,2.6,2.92,,9.6,9.1,,,9.45
5.6,6.5,6.5,5.75,3.25,,,,3.8,5.17,,17.85,14.6,,,15.9
2.6,2.75,,,,2.75,4.5,5.25,2.0,,4.17,,,10.0,,
3.8,6.75,,,,3.25,6.5,7.5,5.2,,5.75,,,16.5,,
4.8,7.5,5.0,4.75,5.0,,,,3.4,4.92,,14.55,14.55,,,13.2
2.2,3.75,,,,3.25,4.25,5.75,2.6,,4.42,,,11.25,,
5.6,8.5,,,,7.25,7.5,9.0,4.4,,7.92,,,23.25,,
5.0,7.75,,,,3.75,6.5,6.75,3.0,,5.67,,,18.0,,
6.2,5.0,5.25,5.5,2.25,,,,3.8,4.33,,16.95,13.95,,15.0,15.25
6.6,5.5,4.5,2.75,4.5,,,,2.2,3.92,,13.85,13.85,,,13.3
5.6,7.0,5.25,3.0,4.75,,,,3.8,4.33,,13.85,13.35,,,14.65
4.0,7.25,,,,4.25,6.25,7.5,5.6,,6.0,,,17.75,,
5.8,6.25,3.75,4.25,4.75,,,,3.2,4.25,,13.8,14.8,,,12.75
5.4,6.5,,,,2.25,6.0,7.5,5.4,,5.25,,,14.75,,
3.0,3.5,,,,3.0,5.25,,,,,,,11.75,,
2.6,2.25,,,,3.0,3.25,,,,,,,8.5,,
7.0,,,7.0,6.25,,,,,,,,20.25,,,
4.4,,,3.25,6.0,,,,,,,,13.65,,,
7.0,,,5.5,7.0,,,,,,,,19.5,,,
6.2,,6.75,6.75,,,,,,,,19.7,,,,
3.2,3.25,,,,2.25,3.75,4.5,3.0,,3.5,,,9.25,,
6.2,5.5,6.0,6.5,4.5,,,,3.4,5.67,,18.7,17.2,,,15.6
3.6,4.0,,,,3.5,5.25,,,,,,,12.75,,
5.8,7.5,5.0,5.5,3.25,,,,4.6,4.58,,16.3,14.55,,,15.4
3.6,7.25,,,,7.25,8.5,7.5,3.4,,7.75,,,23.0,,
,3.0,,,,2.75,5.0,,,,,,,10.75,,
1.6,2.75,,,,2.5,4.5,,,,,,,9.75,,
4.2,5.0,,,,2.75,5.25,6.5,3.0,,4.83,,,13.0,,
3.2,6.75,,,,6.0,7.5,7.0,7.0,,6.83,,,20.25,,
5.6,7.5,,,,3.5,8.0,6.25,8.6,,5.92,,,19.0,,
5.0,6.5,3.75,6.75,6.25,,,,4.0,5.58,,15.5,18.0,,,12.75
3.4,6.5,,,,4.75,6.5,6.5,3.0,,5.92,,,17.75,,
3.4,7.0,,,,4.75,5.75,8.0,2.0,,6.17,,,17.5,,
5.4,4.25,4.0,4.25,3.5,,,,7.8,3.92,,13.65,13.15,,,17.2
4.8,6.25,,,,7.5,,,,,,,,,,
4.6,5.75,,,,3.5,,,,,,,,,,
7.0,8.75,,,,4.75,8.25,8.75,9.0,,7.25,,,21.75,,
9.2,5.0,4.0,3.75,3.25,,,,2.4,3.67,,16.95,16.2,,,15.6
4.2,8.0,,,,5.75,1.25,,,,,,,15.0,,
4.8,8.25,,,,7.0,8.0,7.5,4.6,,7.5,,,23.25,,
3.0,3.0,1.25,2.75,3.25,,,,6.2,2.42,,7.0,9.0,,,10.45
8.2,4.0,6.75,4.0,5.0,,,,7.2,5.25,,18.95,17.2,,,22.15
4.0,6.5,,,,4.0,3.0,,,,,,,13.5,,
4.8,7.5,,,,3.75,5.0,6.75,4.6,,5.17,,,16.25,,
3.0,3.5,,,,3.0,4.5,,,,,,,11.0,,
2.0,2.25,,,,3.75,5.25,,,,,,,11.25,,
5.6,7.5,5.0,3.0,4.75,,,,5.6,4.25,,13.6,13.35,,,16.2
,6.5,,,,,,,,,,,,,,
1.8,5.5,,,,3.0,5.0,6.5,2.4,,4.83,,,13.5,,
2.8,6.0,,,,1.75,3.5,5.5,3.4,,3.58,,,11.25,,
7.2,4.25,7.25,3.0,7.0,,,,3.0,5.75,,17.45,17.2,,,17.45
1.8,3.0,,,,2.75,4.75,,,,,,,10.5,,
4.6,8.0,,,,4.0,6.75,6.5,4.2,,5.75,,,18.75,,
2.4,3.25,3.5,3.0,3.5,,,,3.8,3.33,,8.9,8.9,,,9.7
4.8,3.5,,,,4.0,6.25,,,,,,,13.75,,
4.8,7.0,,,,3.0,5.5,6.5,1.8,,5.0,,,15.5,,
6.4,,5.25,5.5,,,,,,,,17.15,,,,
3.2,3.75,,,,3.75,5.25,,,,,,,12.75,,
2.8,4.75,,,,2.5,4.0,7.0,3.4,,4.5,,,11.25,,
4.4,7.25,,,,3.75,5.0,5.75,2.0,,4.83,,,16.0,,
5.2,8.25,,,,5.0,6.0,6.0,3.8,,5.67,,,19.25,,
3.0,7.75,,,,4.5,6.25,6.75,2.6,,5.83,,,18.5,,
5.2,7.5,,,,3.0,5.25,7.25,4.2,,5.17,,,15.75,,
4.0,7.25,,,,3.75,6.0,8.0,4.0,,5.92,,,17.0,,
4.8,5.75,,,,3.75,7.0,8.25,3.2,,6.33,,,16.5,,
6.8,7.75,,,,2.5,4.75,7.5,2.6,,4.92,,,15.0,,
3.4,6.0,,,,4.75,6.0,7.0,2.8,,5.92,,,16.75,,
3.0,5.25,,,,4.25,6.5,7.0,3.0,,5.92,,,16.0,,
4.6,8.75,,,,6.25,7.75,8.75,3.2,,7.58,,,22.75,,
2.0,6.25,,,,3.0,3.75,6.25,2.2,,4.33,,,13.0,,
3.8,6.5,,,,3.0,5.75,6.75,4.2,,5.17,,,15.25,,
3.6,4.0,,,,2.5,2.75,7.5,2.6,,4.25,,,9.25,,
4.2,6.75,,,,3.25,5.25,6.25,2.8,,4.92,,,15.25,,
6.2,5.5,6.75,6.0,3.0,,,,3.4,5.25,,18.95,15.2,,,16.35
5.4,6.5,7.5,6.75,3.75,,,,3.4,6.0,,19.65,15.9,,,16.3
3.8,5.25,,,,2.25,5.0,6.0,4.0,,4.42,,,12.5,,
3.8,7.25,,,,6.0,6.0,7.0,3.2,,6.33,,,19.25,,
,6.5,,,,6.5,7.25,,,,,,,20.25,,
3.2,5.0,,,,4.25,4.5,4.75,2.4,,4.5,,,13.75,,
3.8,5.75,,,,2.75,5.0,7.75,3.4,,5.17,,,13.5,,
2.8,6.0,,,,5.0,6.5,6.25,2.8,,5.92,,,17.5,,
2.0,5.0,,,,3.0,4.5,5.75,1.8,,4.42,,,12.5,,
4.4,7.75,,,,6.75,7.25,7.0,6.0,,7.0,,,21.75,,
5.2,6.25,,,,2.5,5.25,6.0,2.8,,4.58,,,14.0,,
6.0,4.75,4.0,6.25,4.5,,,,2.8,4.92,,16.25,16.75,,,12.8
5.4,7.0,4.25,7.0,6.0,,,,2.4,5.75,,16.65,18.4,,,12.05
2.6,4.0,,,,4.25,5.25,7.75,2.8,,5.75,,,13.5,,
4.4,6.75,,,,3.5,5.0,7.25,3.2,,5.25,,,15.25,,
4.6,4.5,,,,2.25,3.0,7.5,2.8,,4.25,,,9.75,,
3.4,7.25,,,,4.5,6.25,7.25,2.8,,6.0,,,18.0,,
4.0,3.25,,,,3.0,3.75,7.5,3.0,,4.75,,,10.0,,
3.6,5.0,,,,6.0,6.25,8.5,2.4,,6.92,,,17.25,11.0,
2.4,3.5,,,,4.0,5.0,,,,,,,12.5,,
1.8,6.0,,,,4.5,4.5,6.75,2.4,,5.25,,,15.0,,
1.6,3.5,,,,1.75,5.0,8.0,3.0,,4.92,,,10.25,,
3.8,7.0,,,,5.0,7.0,8.75,4.2,,6.92,,,19.0,15.0,
2.8,6.25,,,,2.75,3.75,6.75,3.0,,4.42,,,12.75,,
5.2,6.25,,,,4.75,5.25,7.5,2.8,,5.83,,,16.25,,
4.2,6.75,,,,4.25,6.5,8.75,3.2,,6.5,,,17.5,,
1.8,5.0,,,,3.75,4.75,5.75,3.6,,4.75,,,13.5,,
2.4,3.25,,,,3.5,3.75,,,,,,,10.5,,
2.2,2.75,,,,2.0,4.0,,,,,,,8.75,,
5.4,6.75,,,,5.0,6.75,7.25,3.4,,6.33,,,18.5,,
2.6,1.75,,,,4.0,3.5,,,,,,,9.25,,
2.0,3.75,,,,2.5,4.0,4.25,2.6,,3.58,,,10.25,,
4.4,8.0,,,,3.75,6.25,8.25,2.4,,6.08,,,18.0,,
3.6,6.75,,,,2.0,5.25,8.5,3.0,,5.25,,,14.0,,
2.2,4.25,,,,6.0,5.75,,,,,,,16.0,,
2.4,6.25,,,,2.0,3.75,4.25,1.2,,3.33,,,12.0,,
1.4,6.0,,,,3.0,5.0,6.5,1.8,,4.83,,,14.0,,
2.6,5.0,,,,3.0,5.25,6.75,3.4,,5.0,,,13.25,11.0,
4.0,5.0,5.75,5.25,2.75,,,,2.2,4.58,,15.0,12.0,,,11.95
3.2,2.5,,,,3.0,2.75,2.75,3.2,,2.83,,,8.25,,
,7.0,,,,5.25,7.0,,,,,,,19.25,,
,7.5,,,,7.25,8.25,8.25,,,7.92,,,23.0,,
2.6,5.0,,,,3.5,4.75,6.0,2.2,,4.75,,,13.25,,
3.0,7.5,,,,5.0,6.75,9.5,3.0,,7.08,,,19.25,,
3.4,3.25,,,,2.25,4.75,5.25,3.0,,4.08,,,10.25,,
5.4,8.0,3.5,3.75,5.5,,,,4.0,4.25,,12.65,14.65,,,12.9
,7.5,,,,7.25,8.5,,,,,,,23.25,,
3.8,4.75,,,,3.25,5.5,6.25,2.0,,5.0,,,13.5,,
4.0,4.0,,,,3.75,5.5,7.0,2.0,,5.42,,,13.25,10.0,
2.2,,,3.75,3.0,,,,,,,,8.95,,,
3.4,8.25,,,,3.5,4.75,8.0,2.6,,5.42,,,16.5,,
,7.0,,,,4.25,8.0,,,,,,,19.25,,
3.6,8.0,,,,1.5,4.0,6.75,3.2,,4.08,,,13.5,,
6.2,6.25,5.25,4.75,3.25,,,,4.8,4.42,,16.2,14.2,,,16.25
3.2,5.25,,,,4.0,3.25,,,,,,,12.5,,
4.0,6.25,3.0,4.5,4.5,3.25,6.5,,,4.0,,11.5,13.0,16.0,,
3.6,5.25,,,,3.25,4.75,,,,,,,13.25,,
3.6,6.0,,,,3.0,5.0,7.0,2.6,,5.0,,,14.0,,
3.2,7.75,,,,3.5,6.75,7.5,1.8,,5.92,,,18.0,,
4.8,5.75,,,,3.0,5.5,6.5,3.0,,5.0,,,14.25,,
3.2,5.5,,,,3.5,4.5,7.25,1.6,,5.08,,,13.5,,
3.8,6.75,,,,2.75,4.25,6.75,3.2,,4.58,,,13.75,,
5.8,8.25,,,,4.5,8.5,9.0,4.6,,7.33,,,21.25,,
1.0,6.25,,,,3.75,4.5,6.75,1.6,,5.0,,,14.5,,
4.2,6.25,,,,4.5,5.75,7.25,2.6,,5.83,,,16.5,,
4.0,6.0,,,,4.0,4.75,7.0,1.0,,5.25,,,14.75,11.0,
3.2,8.0,,,,3.5,7.75,8.25,3.8,,6.5,,,19.25,15.0,
,4.25,,,,5.75,5.5,,,,,,,15.5,,
4.4,6.5,,,,2.25,6.0,6.75,2.6,,5.0,,,14.75,,
2.4,3.0,,,,4.0,2.5,,,,,,,9.5,,
3.8,6.0,,,,2.0,7.0,7.75,2.6,,5.58,,,15.0,,
,8.0,,,,8.25,9.0,,,,,,,25.25,,
3.8,6.75,,,,5.5,5.25,7.25,1.2,,6.0,,,17.5,,
4.6,7.0,,,,4.5,6.0,7.75,3.8,,6.08,,,17.5,,
2.2,6.5,,,,3.5,4.5,8.0,4.6,,5.33,,,14.5,,
4.0,6.5,,,,3.0,5.75,8.0,2.6,,5.58,,,15.25,,
2.8,,,2.25,2.5,,,,,,,,7.55,,,
3.0,5.5,,,,4.0,4.25,6.0,1.6,,4.75,,,13.75,,
5.2,7.0,,,,4.5,6.75,8.0,4.4,,6.42,,,18.25,,
5.6,6.5,5.5,5.0,3.0,,,,3.4,4.5,,16.1,13.6,,,14.5
3.0,5.0,,,,2.75,5.0,6.0,2.2,,4.58,,,12.75,,
3.8,3.0,,,,2.25,4.75,5.25,3.0,,4.08,,,10.0,,
3.0,4.5,,,,4.25,4.25,6.0,3.0,,4.83,,,13.0,,
2.8,3.5,,,,2.0,2.75,,,,,,,8.25,,
5.8,5.75,6.0,5.5,2.75,,,,2.4,4.75,,17.3,14.05,,,14.2
1.2,2.75,,,,2.25,4.0,5.25,3.0,,3.83,,,9.0,,
,7.0,,,,7.0,8.75,,,,,,,22.75,,
2.8,3.25,,,,3.25,3.0,6.5,2.4,,4.25,,,9.5,,
3.4,5.0,,,,3.25,5.75,6.25,3.8,,5.08,,,14.0,,
5.6,6.0,,,,3.5,5.0,7.75,3.2,,5.42,,,14.5,,
,7.5,,,,5.5,6.25,,,,,,,19.25,,
5.2,6.0,5.0,3.75,4.25,,,,3.4,4.33,,13.95,13.2,,,13.6
2.4,4.25,,,,2.25,4.5,6.25,3.0,,4.33,,,11.0,,
5.4,8.25,5.0,5.25,5.75,,,,3.8,5.33,,15.65,16.4,,,14.2
3.6,6.75,,,,4.75,5.75,6.5,2.4,,5.67,,,17.25,,
5.0,4.75,,,,4.25,6.25,8.0,2.6,,6.17,,,15.25,,
2.8,3.75,,,,2.5,5.25,6.75,3.8,,4.83,,,11.5,,
3.4,4.5,,,,5.0,5.0,7.5,1.8,,5.83,,,14.5,,
2.2,2.5,,,,1.5,4.5,4.0,3.6,,3.33,,,8.5,,
1.8,3.0,,,,2.25,5.0,,,,,,,10.25,,
4.2,5.5,,,,4.75,,,,,,,,,,
2.8,,,3.5,6.0,,,,,,,,12.3,,,
,6.25,,,,5.5,6.0,,,,,,,17.75,,
4.6,5.0,,,,5.0,6.5,8.0,3.0,,6.5,,,16.5,,
4.6,6.0,,,,3.0,5.0,8.0,3.4,,5.33,,,14.0,14.0,
5.0,7.75,,,,6.0,7.25,8.25,3.2,,7.17,,,21.0,,
3.0,5.5,,,,4.75,8.0,7.75,3.8,,6.83,,,18.25,,
3.2,4.75,,,,3.25,4.0,4.75,3.0,,4.0,,,12.0,,
3.0,5.75,,,,5.0,7.5,8.0,2.6,,6.83,,,18.25,,
2.8,3.5,,,,2.25,4.5,5.5,2.4,,4.08,,,10.25,,
3.4,5.5,,,,5.75,6.5,6.75,2.2,,6.33,,,17.75,,
4.8,5.5,,,,4.5,5.0,7.5,2.8,,5.67,,,15.0,,
3.8,6.25,,,,6.5,7.75,7.0,2.2,,7.08,,,20.5,,
5.4,8.0,,,,4.25,7.25,9.0,2.4,,6.83,,,19.5,,
1.4,6.0,,,,4.0,4.0,,,,,,,14.0,,
4.2,6.25,,,,,,,6.2,,,,,,,
1.8,5.25,,,,3.0,5.0,7.0,2.2,,5.0,,,13.25,,
4.4,6.75,,,,3.0,6.5,6.25,2.4,,5.25,,,16.25,,
3.2,4.25,,,,3.75,5.25,,,,,,,13.25,,
3.2,6.75,,,,3.25,5.25,7.25,3.0,,5.25,,,15.25,,
,5.75,,,,3.25,5.5,,,,,,,14.5,,
2.6,3.5,,,,2.75,4.25,,,,,,,10.5,,
2.8,4.75,,,,3.5,6.0,7.25,2.0,,5.58,,,14.25,,
3.6,3.5,,,,2.5,5.25,,,,,,,11.25,,
2.8,3.5,,,,3.0,5.25,,,,,,,11.75,,
5.4,8.0,,,,5.5,,,,,,,,,,
5.2,7.75,,,,7.25,,,,,,,,,,
2.6,6.25,,,,2.0,6.0,6.25,3.2,,4.75,,,14.25,,
3.8,6.5,3.5,6.25,6.0,,,,2.8,5.25,,13.55,16.05,,,10.1
2.6,6.5,,,,3.5,5.75,7.0,3.6,,5.42,,,15.75,,
4.0,7.0,,,,1.75,5.25,6.0,3.0,,4.33,,,14.0,14.0,
,6.5,,,,,,,4.2,,,,,,,
5.4,7.25,,,,4.0,7.0,9.0,3.2,,6.67,,,18.25,,
5.6,6.25,,,,4.5,6.75,8.5,4.6,,6.58,,,17.5,,
4.0,5.75,,,,4.25,5.5,5.75,2.8,,5.17,,,15.5,,
3.6,5.0,,,,2.5,4.0,4.75,2.6,,3.75,,,11.5,,
,6.5,,,,5.75,8.75,,,,,,,21.0,,
4.4,5.25,,,,3.0,3.75,4.0,3.4,,3.58,,,12.0,,
6.6,,6.5,7.25,,,,,,,,20.35,,,,
2.4,4.25,,,,4.0,4.0,6.5,3.0,,4.83,,,12.25,,
3.0,5.5,,,,3.0,6.25,7.0,3.0,,5.42,,,14.75,,
2.4,6.0,,,,3.25,5.25,7.25,2.8,,5.25,,,14.5,,
3.8,6.25,,,,3.0,6.25,7.75,4.4,,5.67,,,15.5,,
3.2,6.0,,,,3.5,6.0,8.25,3.4,,5.92,,,15.5,,
4.0,6.5,,,,5.75,6.75,8.5,3.8,,7.0,,,19.0,,
3.0,7.0,,,,3.25,3.75,6.25,3.0,,4.42,,,14.0,13.0,
5.0,7.25,,,,4.25,8.0,7.75,2.2,,6.67,,,19.5,,
7.2,8.75,3.75,7.0,7.0,,,,5.2,5.92,,17.95,21.2,,,16.15
4.6,6.25,4.0,5.0,5.75,,,,3.0,4.92,,13.6,15.35,,,11.6
7.2,8.0,7.25,4.5,6.25,,,,3.6,6.0,,18.95,17.95,,,18.05
4.0,6.25,3.5,3.75,4.5,,,,3.8,3.92,,11.25,12.25,,,11.3
5.6,7.25,5.0,4.75,3.75,,,,3.8,4.5,,15.35,14.1,,,14.4
5.0,6.5,4.0,4.5,6.25,,,,3.2,4.92,,13.5,15.75,,,12.2
5.4,7.0,6.25,5.0,5.75,,,,4.2,5.67,,16.65,16.15,,,15.85
3.0,4.0,3.25,3.5,3.75,,,,3.0,3.5,,9.75,10.25,,10.0,9.25
1.0,6.0,,,,2.75,6.25,,,,,,,15.0,,
5.0,7.0,,,,4.25,6.5,,,,,,,17.75,,
3.4,6.0,,,,2.5,6.0,7.25,3.0,,5.25,,,14.5,,
1.8,3.0,,,,2.75,4.25,5.75,2.2,,4.25,,,10.0,7.0,
2.6,4.25,,,,2.5,4.75,5.25,3.0,,4.17,,,11.5,,
5.8,7.5,5.5,4.25,5.25,4.5,5.25,6.5,2.6,5.0,5.42,15.55,15.3,17.25,,13.9
1.8,5.25,4.0,4.5,5.0,3.5,4.75,4.5,2.6,4.5,4.25,10.3,11.3,13.5,,8.4
4.2,3.25,2.25,2.5,3.25,2.75,4.25,7.0,2.6,2.67,4.67,8.95,9.95,10.25,,9.05
5.4,5.5,4.25,5.25,5.0,,,,3.4,4.83,,14.9,15.65,,,13.05
6.0,7.25,7.0,3.5,4.0,,,,5.6,4.83,,16.5,13.5,,,18.6
6.2,4.0,4.5,7.0,4.0,,,,2.6,5.17,,17.7,17.2,,,13.3
6.4,5.25,8.25,7.75,1.75,,,,5.0,5.92,,22.4,15.9,,,19.65
9.2,6.0,9.5,5.75,2.75,,,,9.8,6.0,,24.45,17.7,,25.0,28.5
4.2,4.75,3.5,4.75,6.25,,,,,4.83,,12.45,15.2,,,
5.8,7.0,5.75,3.25,3.0,,,,9.4,4.0,,14.8,12.05,,,20.95
5.0,5.25,3.25,5.5,4.5,,,,4.8,4.42,,13.75,15.0,,,13.05
7.4,5.0,8.0,6.75,4.5,,,,3.0,6.42,,22.15,18.65,,,18.4
7.0,7.5,6.25,4.75,3.5,,,,4.2,4.83,,18.0,15.25,,,17.45
3.4,8.0,,,,5.25,7.5,7.75,3.4,,6.83,,,20.75,,
5.6,7.75,,,,6.75,8.75,9.25,4.4,,8.25,,,23.25,,
2.6,6.25,,,,2.75,3.75,7.0,2.0,,4.5,,,12.75,,
3.0,3.5,,,,2.0,4.25,2.5,3.0,,2.92,,,9.75,,
5.4,2.25,4.5,5.5,4.25,,,,3.2,4.75,,15.4,15.15,,,13.1
3.0,5.0,,,,2.75,5.25,7.25,3.2,,5.08,,,13.0,,
2.8,2.75,,,,2.75,3.25,5.5,2.8,,3.83,,,8.75,,
4.6,6.0,3.0,3.5,4.0,,,,4.2,3.5,,11.1,12.1,,,11.8
1.8,2.75,,,,3.0,3.0,4.25,1.6,,3.42,,,8.75,,
2.6,3.5,,,,2.75,5.5,6.25,3.6,,4.83,,,11.75,,
6.4,5.5,6.25,3.5,3.75,,,,3.4,4.5,,16.15,13.65,,,16.05
3.0,3.25,,,,4.25,3.75,6.0,3.4,,4.67,,,11.25,,
6.0,3.5,3.25,5.25,3.75,,,,2.2,4.08,,14.5,15.0,,,11.45
5.8,7.25,5.75,5.25,6.75,,,,4.2,5.92,,16.8,17.8,,,15.75
5.2,8.25,,,,4.75,6.5,8.25,6.2,,6.5,,,19.5,,
4.4,5.25,3.25,1.5,4.25,,,,1.2,3.0,,9.15,10.15,,,8.85
5.4,7.0,,,,5.75,5.75,7.75,2.0,,6.42,,,18.5,,
6.6,7.0,7.25,4.75,5.25,,,,3.4,5.75,,18.6,16.6,,17.0,17.25
3.4,5.0,,,,2.75,5.25,7.25,2.0,,5.08,,,13.0,,
3.2,7.5,,,,5.5,7.25,8.0,2.4,,6.92,,,20.25,,
4.4,7.5,,,,6.25,7.25,8.0,2.8,,7.17,,,21.0,,
2.8,3.75,,,,3.75,4.5,6.25,2.6,,4.83,,,12.0,,
7.2,,,7.25,6.75,,,,3.2,,,,21.2,,,
2.6,4.25,,,,3.5,5.5,6.75,1.8,,5.25,,,13.25,,
3.4,3.5,,,,3.75,5.75,6.0,3.8,,5.17,,,13.0,,
5.8,,5.5,,,,,,7.6,,,,,,,18.9
4.2,,,4.0,4.75,,,,,,,,12.95,,,
3.2,,,3.0,5.25,,,,,,,,11.45,,,
3.4,,,5.25,4.75,,,,,,,,13.4,,,
3.0,5.0,,,,4.75,,,,,,,,,,
2.4,5.0,,,,2.0,,,,,,,,,,
4.0,2.25,,,,2.75,4.0,,,,,,,9.0,,
4.0,5.75,,,,4.25,6.0,5.0,2.8,,5.08,,,16.0,,
4.6,4.5,,,,3.25,5.5,5.75,4.2,,4.83,,,13.25,,
2.2,4.75,,,,2.25,4.75,7.0,2.0,,4.67,,,11.75,,
4.0,5.0,,,,3.0,5.0,7.5,2.2,,5.17,,,13.0,,
3.2,6.0,,,,3.0,5.5,8.0,3.8,,5.5,,,14.5,13.0,
2.6,4.75,,,,2.5,4.25,6.25,2.8,,4.33,,,11.5,,
3.8,5.25,,,,2.0,5.25,6.75,3.0,,4.67,,,12.5,,
2.0,1.5,,,,3.5,4.75,4.75,3.4,,4.33,,,9.75,,
3.6,4.5,,,,4.25,3.5,6.5,2.8,,4.75,,,12.25,,
5.6,4.75,4.0,5.0,4.0,,,,3.0,4.33,,14.6,14.6,,,12.6
3.8,3.75,4.0,3.25,3.25,,,,3.4,3.5,,11.05,10.3,,,11.2
5.4,7.75,5.25,5.75,5.5,,,,2.6,5.5,,16.4,16.65,,,13.25
2.8,3.75,1.5,3.5,3.75,,,,3.2,2.92,,7.8,10.05,,,7.5
5.2,5.0,3.5,2.75,3.5,,,,4.4,3.25,,11.45,11.45,,,13.1
5.0,3.75,2.5,3.75,2.5,,,,2.6,2.92,,11.25,11.25,,,10.1
5.0,7.75,5.25,4.25,3.75,,,,3.0,4.42,,14.5,13.0,,,13.25
5.4,7.0,3.75,2.5,2.25,,,,6.8,2.83,,11.65,10.15,,,15.95
4.8,5.25,2.5,5.25,3.5,,,,4.6,3.75,,12.55,13.55,,,11.9
7.2,6.0,6.0,6.0,3.0,,,,4.0,5.0,,19.2,16.2,,,17.2
3.2,6.25,3.75,4.25,6.0,,,,3.6,4.67,,11.2,13.45,,,10.55
6.6,7.75,3.0,4.25,4.5,,,,5.6,3.92,,13.85,15.35,,,15.2
5.4,6.25,5.25,5.25,4.25,,,,3.8,4.92,,15.9,14.9,,,14.45
5.0,4.75,3.5,3.5,4.5,,,,3.6,3.83,,12.0,13.0,,,12.1
4.0,4.25,3.25,6.0,5.0,,,,4.2,4.75,,13.25,15.0,,,11.45
3.8,3.5,,,,4.0,4.5,7.25,4.2,,5.25,,,12.0,,
4.4,4.75,,,,4.0,5.5,6.5,2.6,,5.33,,,14.25,,
6.4,8.0,,,,9.5,3.25,,,,,,,20.75,,
3.0,4.25,,,,3.25,,,,,,,,,,
7.6,6.0,4.0,6.0,5.0,,,,9.0,5.0,,17.6,18.6,,,20.6
6.8,8.25,,,,4.5,,,,,,,,,,
6.4,7.0,4.25,4.75,3.75,,,,6.2,4.25,,15.4,14.9,,,16.85
6.8,9.0,,,,9.5,7.25,6.75,3.2,,7.83,,,25.75,19.0,
2.8,7.0,,,,4.25,3.0,,,,,,,14.25,,
2.8,7.5,,,,3.75,4.5,6.25,7.8,,4.83,,,15.75,,
,4.5,,,,2.75,3.75,,,,,,,11.0,,
5.6,4.25,5.75,6.75,3.75,,,,3.4,5.42,,18.1,16.1,,,14.75
5.2,8.0,,,,3.0,5.5,5.75,5.6,,4.75,,,16.5,,
6.0,,6.75,,,,,,4.0,,,,,,,16.75
6.8,4.75,,,,2.0,6.0,7.0,4.2,,5.0,,,12.75,,
4.8,6.75,,,,2.5,5.5,7.25,2.6,,5.08,,,14.75,,
,4.25,,,,3.75,6.25,,,,,,,14.25,,
6.2,8.75,,,,4.5,6.75,8.25,2.6,,6.5,,,20.0,,
5.0,6.0,,,,3.5,2.75,6.5,4.0,,4.25,,,12.25,15.0,
6.0,7.0,3.25,5.25,5.5,,,,3.6,4.67,,14.5,16.75,,,12.85
,6.0,,,,4.75,6.0,,,,,,,16.75,,
3.8,8.5,,,,5.75,8.0,8.25,2.6,,7.33,,,22.25,,
3.2,6.5,,,,5.5,5.25,7.5,2.4,,6.08,,,17.25,,
4.4,6.25,,,,4.0,5.0,6.0,4.4,,5.0,,,15.25,,
3.0,8.25,,,,7.0,8.0,8.5,3.4,,7.83,,,23.25,,
,8.5,,,,8.5,9.5,,,,,,,26.5,,
2.2,3.5,,,,3.5,5.0,,,,,,,12.0,,
4.0,3.75,,,,3.75,5.25,5.0,3.0,,4.67,,,12.75,,
2.8,,,2.5,2.75,,,,,,,,8.05,,,
,8.0,,,,6.75,7.25,,,,,,,22.0,,
7.4,8.5,,,,7.0,2.25,,,,,,,17.75,,
2.0,2.5,,,,4.0,,,,,,,,,,
5.0,8.75,,,,3.5,5.5,8.25,6.8,,5.75,,,17.75,,
6.0,6.5,,,,6.25,,,,,,,,,,
6.2,6.75,,,,5.0,,,,,,,,,,
5.8,8.75,,,,9.25,2.0,,,,,,,20.0,,
5.8,7.75,,,,8.0,3.75,,,,,,,19.5,,
5.2,9.0,,,,4.5,7.75,8.25,4.4,,6.83,,,21.25,,
3.6,5.0,,,,3.75,2.25,,,,,,,11.0,,
4.8,6.5,,,,7.25,1.5,,,,,,,15.25,,
7.4,6.0,3.0,7.0,6.75,,,,5.2,5.58,,17.4,21.15,,,15.6
3.4,6.0,,,,2.75,,,,,,,,,,
6.0,6.25,6.0,6.0,4.0,,,,7.6,5.33,,18.0,16.0,,,19.6
2.8,6.75,,,,4.0,5.5,7.25,3.2,,5.58,,,16.25,,
2.6,6.0,,,,3.75,5.25,6.75,2.8,,5.25,,,15.0,,
3.4,8.0,,,,7.5,8.75,9.0,2.6,,8.42,,,24.25,14.0,
4.6,6.0,,,,2.25,5.5,7.5,1.8,,5.08,,,13.75,,
5.0,7.75,,,,6.0,7.25,8.25,5.8,,7.17,,,21.0,,
5.6,7.0,3.0,3.5,3.75,,,,2.2,3.42,,12.1,12.85,,,10.8
4.8,5.5,,,,3.25,5.25,6.75,4.0,,5.08,,,14.0,,
3.6,5.5,,,,5.0,6.5,9.0,2.6,,6.83,,,17.0,,
3.0,3.75,2.5,2.75,4.5,,,,2.6,3.25,,8.25,10.25,,,8.1
5.6,6.25,,,,3.0,7.25,7.25,3.8,,5.83,,,16.5,,
4.0,3.5,,,,2.0,4.25,,,,,,,9.75,,
3.0,,,,,2.75,,,3.0,,,,,,,
3.8,3.75,,,,4.0,5.25,7.75,2.8,,5.67,,,13.0,,
,7.75,,,,7.0,7.5,,,,,,,22.25,,
4.8,6.25,,,,3.25,6.0,8.0,4.6,,5.75,,,15.5,,
4.6,6.5,4.5,4.5,7.25,,,,4.0,5.42,,13.6,16.35,,,13.1
3.6,3.0,,,,3.0,4.5,4.75,2.8,,4.08,,,10.5,,
2.4,3.5,,,,2.25,3.75,,,,,,,9.5,,
6.2,7.25,,,,4.75,6.0,9.0,3.4,,6.58,,,18.0,,
4.2,7.0,,,,3.5,5.75,8.25,4.8,,5.83,,,16.25,16.0,
7.2,8.0,4.0,6.75,8.0,,,,5.2,6.25,,17.95,21.95,,,16.4
4.8,6.25,,,,3.75,5.5,8.75,2.8,,6.0,,,15.5,,
4.2,6.0,,,,5.5,6.25,6.75,3.6,,6.17,,,17.75,,
4.6,7.25,,,,6.5,8.25,8.25,2.0,,7.67,,,22.0,,
3.8,6.5,,,,2.75,6.75,7.5,4.0,,5.67,,,16.0,,
2.4,3.5,,,,3.75,5.25,5.5,4.2,,4.83,,,12.5,,
5.0,6.75,,,,5.0,5.5,8.75,2.4,,6.42,,,17.25,,
5.2,5.5,,,,3.0,5.0,7.25,2.4,,5.08,,,13.5,,
4.8,7.0,4.5,6.0,2.5,,,,3.0,4.33,,15.3,13.3,,,12.3
3.0,7.0,,,,3.0,6.0,6.75,3.2,,5.25,,,16.0,,
,3.25,,,,4.75,5.5,,,,,,,13.5,,
3.2,7.5,,,,3.5,4.75,7.75,3.8,,5.33,,,15.75,,
5.2,7.0,,,,3.5,5.75,7.25,3.2,,5.5,,,16.25,,
3.2,6.25,,,,3.25,4.75,5.25,2.8,,4.42,,,14.25,,
6.4,7.0,4.0,4.75,3.5,,,,3.6,4.08,,15.15,14.65,,17.0,14.0
4.4,4.75,,,,5.75,7.0,7.25,2.6,,6.67,,,17.5,,
7.2,4.75,5.75,4.75,4.25,,,,3.0,4.92,,17.7,16.2,,,15.95
4.6,5.5,,,,1.0,5.0,6.0,3.0,,4.0,,,11.5,,
4.4,6.0,,,,4.5,7.25,7.75,3.2,,6.5,,,17.75,,
2.6,5.5,,,,4.75,5.75,7.75,2.6,,6.08,,,16.0,,
4.0,5.5,,,,2.5,5.75,7.25,2.4,,5.17,,,13.75,,
4.6,6.5,,,,5.25,6.5,8.0,3.6,,6.58,,,18.25,,
2.8,4.75,,,,2.75,4.5,6.5,3.0,,4.58,,,12.0,,
5.0,5.5,,,,2.75,6.75,7.75,3.2,,5.75,,,15.0,,
2.4,3.25,,,,3.5,4.25,4.75,2.8,,4.17,,,11.0,,
4.4,5.0,,,,3.5,6.25,8.25,3.8,,6.0,,,14.75,,
3.4,6.5,,,,5.25,6.25,7.75,3.4,,6.42,,,18.0,,
4.2,6.5,,,,5.5,6.75,8.5,2.0,,6.92,,,18.75,,
3.8,5.25,,,,4.5,5.0,,,,,,,14.75,,
5.6,6.25,,,,6.0,8.75,8.75,3.6,,7.83,,,21.0,,
5.6,6.75,,,,3.5,4.75,7.25,4.0,,5.17,,,15.0,,
2.6,3.25,,,,2.75,4.0,,,,,,,10.0,,
4.8,4.75,,,,5.0,6.75,8.0,2.6,,6.58,,,16.5,,
2.6,3.5,,,,3.0,4.25,6.5,2.4,,4.58,,,10.75,,
2.6,5.25,,,,3.25,7.25,6.75,3.2,,5.75,,,15.75,,
2.6,5.0,,,,3.75,6.25,,,,,,,15.0,,
2.2,5.75,,,,3.75,4.75,7.75,3.0,,5.42,,,14.25,,
2.8,3.5,,,,2.5,3.5,3.75,3.0,,3.25,,,9.5,,
6.6,6.75,,,,4.25,6.25,8.0,3.0,,6.17,,,17.25,,
3.8,4.25,,,,3.75,4.5,6.75,1.2,,5.0,,,12.5,,
,6.25,,,,3.0,5.25,,,,,,,14.5,,
3.2,6.5,,,,3.0,5.5,7.25,2.4,,5.25,,,15.0,,
5.2,7.5,,,,3.5,6.75,8.0,5.4,,6.08,,,17.75,,
5.0,4.75,,,,6.5,6.25,7.25,2.4,,6.67,,,17.5,,
1.6,5.25,,,,4.25,5.5,6.0,2.6,,5.25,,,15.0,,
4.0,6.75,,,,3.75,6.25,6.75,2.0,,5.58,,,16.75,,
4.0,7.75,,,,3.75,6.5,7.25,4.2,,5.83,,,18.0,,
5.6,6.0,5.0,6.0,5.25,,,,4.4,5.42,,16.6,16.85,,16.0,15.0
3.2,5.5,,,,4.0,5.25,4.75,2.6,,4.67,,,14.75,,
4.0,6.0,,,,2.5,5.25,6.0,2.6,,4.58,,,13.75,,
3.2,6.75,,,,2.75,6.5,7.5,3.2,,5.58,,,16.0,,
5.0,6.0,4.25,5.25,4.5,,,,2.4,4.67,,14.5,14.75,,,11.65
3.4,5.25,,,,3.75,5.75,9.0,3.6,,6.17,,,14.75,,
4.0,3.5,,,,2.75,4.0,,,,,,,10.25,,
4.0,7.25,,,,4.75,6.0,8.75,4.4,,6.5,,,18.0,,
5.4,7.75,,,,5.25,5.25,9.0,4.0,,6.5,,,18.25,,
5.6,6.75,5.5,5.0,5.0,,,,3.6,5.17,,16.1,15.6,,,14.7
4.8,8.25,,,,5.25,6.75,9.0,4.2,,7.0,,,20.25,,
5.0,7.0,2.75,3.75,4.0,,,,4.0,3.5,,11.5,12.75,,16.0,11.75
2.8,7.75,,,,3.75,4.75,8.25,4.8,,5.58,,,16.25,,
3.0,7.25,,,,4.75,5.75,8.75,2.8,,6.42,,,17.75,,
4.4,5.0,3.25,3.0,4.5,5.25,5.75,8.5,2.2,3.58,6.5,10.65,11.9,16.0,,9.85
3.0,8.5,,,,3.25,6.0,6.0,2.4,,5.08,,,17.75,,
3.4,4.5,,,,3.0,3.75,4.0,1.4,,3.58,,,11.25,,
3.4,5.25,,,,2.25,5.5,2.75,3.0,,3.5,,,13.0,,
2.6,4.0,,,,3.0,3.75,4.75,3.0,,3.83,,,10.75,,
3.0,6.0,,,,2.25,5.25,6.0,3.8,,4.5,,,13.5,,
3.6,5.0,,,,5.25,6.5,6.75,2.8,,6.17,,,16.75,,
3.2,5.5,,,,3.25,5.25,7.75,2.4,,5.42,,,14.0,,
3.2,6.25,,,,4.5,,,,,,,,,,
2.0,6.0,,,,4.0,4.75,6.75,2.4,,5.17,,,14.75,,
1.8,4.75,,,,4.0,6.0,6.75,1.4,,5.58,,,14.75,,
4.0,5.0,,,,2.5,3.25,6.0,4.8,,3.92,,,10.75,,
3.4,5.25,,,,4.0,5.75,6.25,2.0,,5.33,,,15.0,,
,7.25,,,,5.0,5.75,,,,,,,18.0,,
3.0,6.5,,,,3.5,5.5,6.5,2.8,,5.17,,,15.5,,
5.2,5.75,5.5,4.5,5.0,,,,2.8,5.0,,15.2,14.7,,,13.5
3.4,4.75,,,,2.75,5.0,7.0,2.2,,4.92,,,12.5,,
6.6,8.5,,,,7.5,,,,,,,,,,
2.8,2.0,,,,3.5,2.5,,,,,,,8.0,,
3.6,7.75,,,,3.5,4.75,9.5,4.2,,5.92,,,16.0,,
3.8,7.75,,,,6.0,6.5,7.75,2.4,,6.75,,,20.25,,
3.0,5.25,,,,3.75,6.5,7.25,1.6,,5.83,,,15.5,,
3.6,4.75,,,,3.0,4.0,5.5,2.6,,4.17,,,11.75,,
5.0,8.0,,,,7.75,7.5,9.5,4.2,,8.25,,,23.25,,
3.2,2.25,,,,2.75,4.0,4.0,2.4,,3.58,,,9.0,,
4.8,6.75,,,,3.75,6.25,6.75,3.4,,5.58,,,16.75,,
4.4,6.75,,,,4.5,7.5,8.75,3.4,,6.92,,,18.75,,
3.2,4.25,,,,3.5,4.75,6.0,2.8,,4.75,,,12.5,,
5.4,7.0,,,,5.5,7.75,8.0,2.6,,7.08,,,20.25,15.0,
2.8,5.25,,,,2.75,5.25,6.0,1.2,,4.67,,,13.25,,
4.4,5.0,,,,2.5,4.0,,,,,,,11.5,,
4.8,7.5,,,,6.0,5.75,8.75,4.0,,6.83,,,19.25,,
3.6,6.25,,,,5.0,5.75,8.0,3.8,,6.25,,,17.0,,
4.6,5.25,,,,7.25,7.5,9.25,3.0,,8.0,,,20.0,,
2.8,3.5,,,,2.25,5.75,4.75,2.4,,4.25,,,11.5,,
,6.25,,,,9.0,9.5,,,,,,,24.75,,
3.8,6.5,,,,3.25,4.75,7.25,3.8,,5.08,,,14.5,,
5.0,6.0,,,,4.25,,,,,,,,,,
3.2,2.5,,,,2.75,3.25,,,,,,,8.5,,
6.0,,,3.75,5.5,,,,,,,,15.25,,,
2.4,4.0,,,,4.0,5.0,5.5,1.2,,4.83,,,13.0,,
4.4,8.0,,,,3.75,6.0,7.0,4.6,,5.58,,,17.75,17.0,
4.2,4.0,,,,2.5,3.25,5.0,2.0,,3.58,,,9.75,,
1.8,5.0,,,,4.25,4.75,8.25,1.8,,5.75,,,14.0,,
2.4,6.25,,,,6.5,6.25,9.25,3.2,,7.33,,,19.0,,
2.8,3.0,,,,3.5,5.0,6.25,2.0,,4.92,,,11.5,,
4.2,5.5,,,,2.0,4.75,,,,,,,12.25,,
2.0,4.5,,,,4.0,2.25,,,,,,,10.75,,
7.0,6.5,8.0,7.0,6.0,,,,5.2,7.0,,22.0,20.0,,,20.2
3.0,5.0,,,,3.75,5.75,8.5,3.4,,6.0,,,14.5,,
4.4,6.25,,,,4.5,,,,,,,,,,
3.6,5.25,,,,3.25,6.25,8.0,2.6,,5.83,,,14.75,,
2.4,5.25,,,,2.5,3.25,6.25,2.4,,4.0,,,11.0,,
4.6,6.0,,,,3.5,4.75,6.25,2.2,,4.83,,,14.25,,
6.2,5.5,7.0,4.25,5.75,,,,3.2,5.67,,17.45,16.2,,,16.4
2.4,4.0,,,,2.25,3.75,3.25,3.6,,3.08,,,10.0,10.0,
1.2,6.5,,,,3.5,5.75,6.75,2.2,,5.33,,,15.75,,
6.6,8.25,,,,7.75,8.5,8.75,4.0,,8.33,,,24.5,,
2.8,7.5,,,,4.0,6.75,6.5,2.4,,5.75,,,18.25,,
,5.75,,,,6.75,8.75,,,,,,,21.25,,
2.8,3.75,,,,4.25,3.75,8.25,2.6,,5.42,,,11.75,,
3.6,5.75,,,,3.5,5.5,,,,,,,14.75,,
4.4,4.0,,,,2.75,4.25,,,,,,,11.0,,
4.8,4.25,,,,3.75,6.75,7.75,4.0,,6.08,,,14.75,,
,7.5,,,,4.25,8.0,,,,,,,19.75,,
1.6,5.75,,,,2.75,4.5,4.25,3.8,,3.83,,,13.0,,
4.0,5.5,,,,3.75,7.0,6.25,3.0,,5.67,,,16.25,,
,7.0,,,,6.25,6.5,,,,,,,19.75,,
3.8,3.25,,,,2.75,5.25,7.0,2.8,,5.0,,,11.25,,
3.0,6.0,,,,3.75,5.25,6.0,2.8,,5.0,,,15.0,,
5.6,6.5,,,,2.5,8.0,8.0,2.0,,6.17,,,17.0,,
4.8,5.75,4.25,4.0,3.0,,,,2.2,3.75,,13.05,11.8,,,11.25
2.8,7.25,,,,6.0,8.5,6.5,2.8,,7.0,,,21.75,,
4.6,6.25,,,,5.0,6.25,7.5,3.2,,6.25,,,17.5,,
3.8,5.5,4.0,2.75,3.75,,,,2.6,3.5,,10.55,10.3,,,10.4
1.8,6.25,,,,4.25,6.0,7.0,1.6,,5.75,,,16.5,,
3.4,6.25,,,,2.75,4.25,6.0,3.2,,4.33,,,13.25,,
2.6,3.75,,,,1.75,2.5,4.25,2.0,,2.83,,,8.0,,
6.4,6.75,4.5,5.25,4.5,,,,4.2,4.75,,16.15,16.15,,,15.1
3.6,5.75,,,,3.75,5.0,7.5,3.8,,5.42,,,14.5,,
3.2,6.25,,,,3.0,6.25,6.5,2.8,,5.25,,,15.5,,
5.8,6.75,,,,5.75,8.0,9.25,4.2,,7.67,,,20.5,,
5.2,8.0,,,,6.75,,,,,,,,,,
2.2,3.0,,,,3.25,4.75,5.0,2.6,,4.33,,,11.0,,
4.8,5.25,3.5,2.0,2.25,2.75,5.25,4.75,3.6,2.58,4.25,10.3,9.05,13.25,,11.9
5.4,7.25,4.5,5.0,5.25,,,,4.0,4.92,,14.9,15.65,,,13.9
3.2,5.5,,,,2.5,5.0,6.25,2.8,,4.58,,,13.0,,
3.6,4.25,,,,2.0,6.75,6.5,2.0,,5.08,,,13.0,,
4.6,7.25,,,,2.5,5.75,6.5,3.0,,4.92,,,15.5,,
3.6,6.0,,,,2.5,3.0,5.5,3.2,,3.67,,,11.5,,
4.4,8.5,,,,6.75,8.0,7.75,5.4,,7.5,,,23.25,,
5.6,7.0,3.5,2.5,5.0,,,,6.4,3.67,,11.6,13.1,,19.0,15.5
7.2,7.75,,,,5.5,5.5,7.25,8.8,,6.08,,,18.75,,
7.2,5.25,6.25,6.0,6.0,,,,5.2,6.08,,19.45,19.2,,,18.65
5.2,7.0,,,,1.75,5.25,6.75,6.8,,4.58,,,14.0,19.0,
7.6,6.0,7.0,7.25,6.25,,,,5.6,6.83,,21.85,21.1,,,20.2
7.0,6.5,8.5,7.75,3.5,,,,5.2,6.58,,23.25,18.25,,,20.7
7.0,7.25,3.75,8.5,6.0,,,,6.0,6.08,,19.25,21.5,,,16.75
4.2,3.5,4.5,4.5,3.0,,,,5.2,4.0,,13.2,11.7,,,13.9
5.6,8.0,3.0,4.0,3.25,,,,9.0,3.42,,12.6,12.85,,,17.6
1.8,5.0,,,,4.5,2.75,6.25,2.2,,4.5,,,12.25,9.0,
3.2,3.75,,,,4.25,5.0,6.75,3.6,,5.33,,,13.0,,
5.4,7.0,,,,6.0,7.75,7.5,2.0,,7.08,,,20.75,,
2.8,5.0,,,,4.0,5.25,6.5,3.0,,5.25,,,14.25,,
3.2,5.0,,,,4.0,4.0,7.25,3.8,,5.08,,,13.0,12.0,
4.6,8.0,,,,5.5,7.25,7.25,2.0,,6.67,,,20.75,,
4.8,6.75,,,,4.5,6.0,9.0,3.0,,6.5,,,17.25,,
2.0,6.75,,,,3.25,5.25,8.0,2.0,,5.5,,,15.25,,
3.0,7.0,,,,4.25,5.5,7.5,4.4,,5.75,,,16.75,,
4.6,5.75,,,,3.25,5.0,7.0,3.0,,5.08,,,14.0,,
4.4,5.5,,,,4.5,6.75,9.0,3.2,,6.75,,,16.75,,
3.6,5.5,,,,3.25,5.75,6.75,2.8,,5.25,,,14.5,,
2.6,5.5,,,,3.5,6.5,6.5,2.6,,5.5,,,15.5,,
3.6,6.5,,,,2.75,4.75,6.75,2.8,,4.75,,,14.0,,
5.2,7.5,,,,5.75,7.75,8.75,3.2,,7.42,,,21.0,,
3.6,6.5,,,,4.0,4.75,7.25,4.4,,5.33,,,15.25,,
3.2,6.0,,,,2.5,4.75,6.75,2.6,,4.67,,,13.25,,
5.2,6.25,5.5,5.5,4.5,,,,5.0,5.17,,16.2,15.2,,,15.7
4.6,5.75,,,,4.25,6.25,6.5,5.0,,5.67,,,16.25,,
5.2,7.5,4.5,3.75,5.0,,,,4.0,4.42,,13.45,13.95,,,13.7
6.2,6.5,4.0,3.75,5.0,,,,4.0,4.25,,13.95,14.95,,,14.2
5.4,4.0,3.25,3.0,3.0,,,,1.2,3.08,,11.65,11.4,,,9.85
5.6,6.5,4.25,5.25,6.25,,,,4.4,5.25,,15.1,17.1,,,14.25
4.6,3.75,4.75,2.0,2.75,,,,6.4,3.17,,11.35,9.35,,,15.75
6.6,8.0,6.0,5.0,6.25,,,,8.0,5.75,,17.6,17.85,,,20.6
5.0,4.5,4.75,4.5,5.5,,,,3.2,4.92,,14.25,15.0,,,12.95
4.6,7.0,5.5,4.75,4.5,,,,3.6,4.92,,14.85,13.85,,,13.7
7.4,6.5,7.5,6.75,6.25,,,,2.4,6.83,,21.65,20.4,,,17.3
5.2,6.0,4.0,4.5,4.0,,,,5.2,4.17,,13.7,13.7,,,14.4
5.4,8.25,3.5,4.0,4.75,,,,5.8,4.08,,12.9,14.15,,,14.7
5.2,3.25,2.5,4.25,3.25,,,,3.4,3.33,,11.95,12.7,,,11.1
3.0,2.0,,,,5.25,6.25,,,,,,,13.5,,
2.8,4.25,,,,2.75,5.75,,,,,,,12.75,,
2.2,2.5,,,,2.5,4.75,,,,,,,9.75,,
2.6,2.75,,,,2.75,5.25,,,,,,,10.75,,
2.6,3.5,,,,2.25,2.5,5.25,2.4,,3.33,,,8.25,,
3.6,8.0,,,,3.75,5.5,7.75,4.4,,5.67,,,17.25,16.0,
5.4,8.25,,,,3.75,6.5,7.25,5.4,,5.83,,,18.5,,
1.6,6.0,,,,3.25,4.25,5.75,2.2,,4.42,,,13.5,,
4.8,5.0,,,,2.5,3.25,4.75,3.2,,3.5,,,10.75,13.0,
4.2,5.25,,,,3.0,4.75,6.25,4.0,,4.67,,,13.0,,
3.2,6.5,,,,3.25,6.75,7.5,3.6,,5.83,,,16.5,,
4.6,7.0,,,,3.5,4.75,6.75,3.6,,5.0,,,15.25,,
4.4,4.0,,,,3.0,5.5,6.75,2.8,,5.08,,,12.5,,
4.2,5.75,,,,2.5,5.25,6.25,3.2,,4.67,,,13.5,,
2.4,6.25,,,,2.25,6.75,6.75,2.2,,5.25,,,15.25,,
2.8,4.0,,,,4.0,5.25,7.5,3.0,,5.58,,,13.25,,
7.0,7.5,,,,7.5,2.25,,,,,,,17.25,,
5.4,7.5,,,,5.5,3.0,,,,,,,16.0,,
3.6,6.5,,,,3.25,3.0,,,,,,,12.75,,
3.8,3.0,,,,6.75,1.5,,,,,,,11.25,,
6.4,8.75,,,,6.75,5.75,,,,,,,21.25,,
3.6,7.75,,,,6.0,1.75,,,,,,,15.5,,
6.2,9.0,,,,8.75,6.25,,,,,,,24.0,,
3.4,5.5,,,,3.25,5.0,6.0,2.2,,4.75,,,13.75,,
3.2,7.0,,,,5.0,6.5,7.75,3.6,,6.42,,,18.5,,
2.6,5.25,,,,1.5,5.5,6.0,2.4,,4.33,,,12.25,,
4.8,5.75,,,,3.75,5.25,7.5,2.6,,5.5,,,14.75,,
4.4,6.0,,,,5.75,7.25,8.5,3.6,,7.17,,,19.0,14.0,
4.2,8.0,3.5,5.75,5.25,,,,5.2,4.83,,13.45,15.2,,,12.9
3.6,5.0,,,,4.0,5.75,6.0,2.4,,5.25,,,14.75,11.0,
4.4,5.0,,,,4.0,6.25,7.25,3.0,,5.83,,,15.25,,
5.4,3.75,,,,3.5,6.25,6.5,5.8,,5.42,,,13.5,,
3.0,6.0,,,,3.75,4.5,7.5,3.0,,5.25,,,14.25,12.0,
4.6,8.25,,,,6.0,8.0,8.75,2.8,,7.58,,,22.25,,
4.2,6.25,,,,3.75,6.25,8.0,3.4,,6.0,,,16.25,,
4.4,6.75,,,,3.25,5.75,7.25,2.2,,5.42,,,15.75,,
4.4,7.0,,,,5.0,8.0,9.0,3.4,,7.33,,,20.0,,
3.2,6.75,,,,5.25,5.5,7.5,2.0,,6.08,,,17.5,,
4.4,7.5,,,,3.75,5.0,7.25,2.8,,5.33,,,16.25,,
4.6,7.5,,,,6.75,7.75,8.5,2.8,,7.67,,,22.0,,
3.0,2.25,,,,2.0,5.25,,,,,,,9.5,,
4.8,6.25,,,,7.5,,,,,,,,,,
6.8,5.75,2.75,5.75,6.25,,,,3.4,4.92,,15.3,18.8,,,12.95
8.0,7.25,6.5,6.25,5.5,,,,4.6,6.08,,20.75,19.75,,,19.1
6.8,7.75,8.5,7.25,7.25,,,,4.8,7.67,,22.55,21.3,,,20.1
3.2,4.0,3.0,3.25,2.5,,,,3.4,2.92,,9.45,8.95,,,9.6
4.0,5.75,,,,4.0,5.25,6.75,4.4,,5.33,,,15.0,,
3.4,2.0,,,,2.75,4.75,,,,,,,9.5,,
7.0,7.0,,,,,,,7.8,,,,,,,
6.0,5.0,4.0,5.5,2.75,,,,5.6,4.08,,15.5,14.25,,,15.6
1.8,2.75,,,,2.75,3.25,,,,,,,8.75,,
5.8,3.75,2.75,6.0,5.75,,,,4.4,4.83,,14.55,17.55,,,12.95
5.2,5.5,4.0,2.75,6.0,,,,2.4,4.25,,11.95,13.95,,,11.6
5.2,7.5,,,,3.75,6.5,7.25,4.4,,5.83,,,17.75,,
6.8,7.25,4.0,3.75,5.0,,,,9.4,4.25,,14.55,15.55,,,20.2
5.8,8.5,,,,8.5,4.0,,,,,,,21.0,,
5.6,7.5,,,,7.75,2.5,,,,,,,17.75,,
8.0,7.0,8.75,3.75,4.0,,,,7.8,5.5,,20.5,15.75,,,24.55
2.0,1.75,,,,2.75,,,,,,,,,,
7.2,6.75,6.75,5.75,3.25,,,,3.8,5.25,,19.7,16.2,,,17.75
5.8,6.5,,,,3.75,3.25,,,,,,,13.5,,
5.4,7.75,4.0,6.0,5.75,,,,5.0,5.25,,15.4,17.15,,,14.4
7.6,5.75,7.5,7.0,4.0,,,,4.4,6.17,,22.1,18.6,,,19.5
5.4,7.25,,,,4.0,5.25,7.5,3.6,,5.58,,,16.5,,
4.2,2.75,,,,3.75,4.5,,,,,,,11.0,,
4.8,6.0,3.5,3.5,4.75,,,,2.8,3.92,,11.8,13.05,,,11.1
3.0,2.75,,,,3.0,5.25,,,,,,,11.0,,
2.6,4.0,,,,3.5,4.5,,,,,,,12.0,,
4.2,2.5,,,,3.25,7.25,7.25,2.8,,5.92,,,13.0,,
5.0,5.5,,,,3.0,5.0,7.25,5.0,,5.08,,,13.5,,
6.0,6.75,4.25,4.0,5.0,,,,5.6,4.42,,14.25,15.0,,,15.85
4.8,7.5,,,,4.0,5.75,7.25,3.8,,5.67,,,17.25,,
3.0,5.75,,,,4.5,5.0,7.25,2.2,,5.58,,,15.25,,
4.2,,,6.25,5.5,,,,,,,,15.95,,,
4.8,5.75,3.0,5.0,4.5,,,,3.6,4.17,,12.8,14.3,,,11.4
6.0,6.75,6.5,6.0,6.0,,,,3.4,6.17,,18.5,18.0,,,15.9
4.2,3.75,,,,2.25,6.5,,,,,,,12.5,,
2.8,2.25,,,,3.25,3.75,,,,,,,9.25,,
5.4,8.0,4.75,4.75,3.75,,,,2.6,4.42,,14.9,13.9,,16.0,12.75
3.8,4.75,,,,3.25,6.25,7.0,3.0,,5.5,,,14.25,,
5.0,8.0,,,,4.5,7.5,8.75,5.0,,6.92,,,20.0,18.0,
4.2,5.5,,,,3.25,6.25,6.5,3.6,,5.33,,,15.0,,
2.4,3.25,,,,3.25,1.25,4.75,1.8,,3.08,,,7.75,,
2.8,3.75,,,,3.0,5.0,7.75,2.0,,5.25,,,11.75,,
1.8,4.0,,,,2.5,3.5,3.75,2.8,,3.25,,,10.0,,
5.6,3.75,,,,4.0,5.5,7.0,3.4,,5.5,,,13.25,,
4.0,4.5,,,,3.5,6.25,,,,,,,14.25,,
3.8,8.0,,,,3.5,5.25,5.75,3.2,,4.83,,,16.75,15.0,
6.8,7.0,,,,5.0,8.0,8.75,5.0,,7.25,,,20.0,,
,6.5,,,,,,,,,,,,,,
3.8,2.75,,,,1.75,5.0,,,,,,,9.5,,
5.4,5.75,,,,3.0,5.75,7.5,1.6,,5.42,,,14.5,,
4.2,2.5,,,,2.5,4.0,,,,,,,9.0,,
5.8,4.5,,,,4.25,7.5,7.5,4.4,,6.42,,,16.25,,
3.4,7.75,,,,4.0,5.5,6.0,2.8,,5.17,,,17.25,,
4.6,3.25,,,,2.5,4.0,,,,,,,9.75,,
2.2,3.5,,,,5.5,7.25,8.0,3.8,,6.92,,,16.25,,
2.2,4.5,,,,2.75,3.5,5.5,2.8,,3.92,,,10.75,,
5.6,3.75,4.75,5.5,4.75,,,,4.2,5.0,,15.85,15.85,,,14.55
2.4,6.0,,,,2.5,6.25,7.75,2.8,,5.5,,,14.75,,
2.8,5.0,,,,6.0,6.75,6.75,2.6,,6.5,,,17.75,,
4.2,8.5,,,,5.25,6.75,8.5,2.4,,6.83,,,20.5,,
5.0,5.75,,,,4.0,6.25,9.25,3.6,,6.5,,,16.0,,
4.0,6.5,,,,4.25,5.75,7.5,3.2,,5.83,,,16.5,,
4.8,6.5,,,,3.0,5.0,6.5,2.6,,4.83,,,14.5,,
3.4,3.5,,,,3.0,5.5,8.25,2.6,,5.58,,,12.0,,
2.6,3.5,,,,2.75,5.75,6.75,2.2,,5.08,,,12.0,,
4.2,6.25,,,,2.5,6.0,7.0,4.0,,5.17,,,14.75,,
3.0,6.0,,,,2.75,5.25,6.25,2.4,,4.75,,,14.0,,
4.0,7.25,,,,2.0,5.75,7.0,3.0,,4.92,,,15.0,,
5.4,5.5,,,,2.25,5.75,6.75,3.6,,4.92,,,13.5,,
5.0,6.5,,,,3.5,4.75,8.0,3.8,,5.42,,,14.75,,
3.6,6.0,,,,3.5,3.75,6.0,2.4,,4.42,,,13.25,12.0,
5.0,3.5,4.25,1.25,4.25,,,,3.2,3.25,,10.5,10.5,,,12.45
3.4,7.25,,,,5.75,8.0,9.0,3.6,,7.58,,,21.0,,
5.4,7.5,,,,5.5,7.25,8.25,5.0,,7.0,,,20.25,,
2.8,5.25,,,,5.0,6.75,8.0,3.0,,6.58,,,17.0,,
5.0,6.25,3.75,4.25,4.5,,,,3.2,4.17,,13.0,13.75,,,11.95
4.4,5.75,,,,4.75,6.25,8.0,3.4,,6.33,,,16.75,,
2.6,3.25,,,,3.75,6.25,7.25,3.0,,5.75,,,13.25,,
3.6,4.75,,,,3.25,4.0,5.25,2.8,,4.17,,,12.0,,
6.4,6.25,,,,2.75,7.0,8.25,3.0,,6.0,,,16.0,,
3.0,3.5,,,,2.25,3.25,5.0,2.4,,3.5,,,9.0,,
1.2,5.0,,,,3.75,6.75,7.75,2.4,,6.08,,,15.5,,
6.0,7.0,,,,4.75,7.25,8.75,5.4,,6.92,,,19.0,,
2.6,5.75,,,,3.75,5.75,7.5,2.8,,5.67,,,15.25,,
3.8,4.0,,,,2.75,6.5,7.5,2.2,,5.58,,,13.25,10.0,
4.4,5.25,,,,3.25,4.25,,,,,,,12.75,,
3.0,5.25,,,,3.0,5.25,7.25,2.2,,5.17,,,13.5,,
2.2,6.0,,,,3.25,4.5,7.75,2.8,,5.17,,,13.75,11.0,
1.8,5.75,,,,3.25,4.75,,,,,,,13.75,,
3.6,6.0,,,,3.75,5.5,7.25,2.8,,5.5,,,15.25,,
1.6,3.0,,,,2.5,3.0,5.5,2.2,,3.67,,,8.5,,
2.6,4.25,,,,3.0,5.5,8.25,3.4,,5.58,,,12.75,,
4.0,5.0,,,,6.5,,,,,,,,,,
3.2,5.0,,,,2.5,5.5,5.5,2.2,,4.5,,,13.0,,
2.6,3.25,,,,2.25,4.0,3.25,3.4,,3.17,,,9.5,,
3.6,3.75,,,,3.0,4.5,7.0,3.8,,4.83,,,11.25,,
3.0,5.0,,,,3.25,5.25,7.25,3.2,,5.25,,,13.5,,
2.0,7.25,,,,3.0,5.5,6.25,3.0,,4.92,,,15.75,,
,7.0,,,,6.25,7.25,,,,,,,20.5,,
3.0,4.25,,,,3.75,4.75,6.25,2.6,,4.92,,,12.75,,
3.4,6.5,,,,3.0,7.25,7.25,2.6,,5.83,,,16.75,,
6.2,6.25,,,,5.0,6.75,8.25,3.2,,6.67,,,18.0,,
3.6,7.25,,,,4.0,6.5,7.75,3.4,,6.08,,,17.75,,
5.4,7.75,,,,5.25,6.0,7.0,3.2,,6.08,,,19.0,,
2.2,4.25,,,,2.25,3.0,5.0,3.0,,3.42,,,9.5,,
5.6,6.25,4.0,4.25,4.25,,,,2.8,4.17,,13.85,14.1,,,12.4
2.8,2.75,,,,3.25,4.25,,,,,,,10.25,,
6.4,8.5,,,,2.0,4.75,7.5,3.6,,4.75,,,15.25,,
3.4,6.5,,,,3.75,4.75,8.0,2.4,,5.5,,,15.0,,
4.0,5.5,,,,4.25,5.0,7.5,3.0,,5.58,,,14.75,,
4.4,6.25,,,,4.25,4.5,7.5,3.4,,5.42,,,15.0,,
3.2,4.25,,,,3.0,5.0,4.75,2.8,,4.25,,,12.25,,
3.4,6.5,,,,5.75,6.5,7.0,3.2,,6.42,,,18.75,,
,6.5,,,,3.75,8.25,,,,,,,18.5,,
1.8,,,3.5,3.5,,,,,,,,8.8,,,
4.2,7.0,,,,4.75,7.25,7.75,3.8,,6.58,,,19.0,15.0,
4.0,6.25,,,,3.25,6.25,7.25,3.6,,5.58,,,15.75,,
5.4,8.5,,,,5.75,6.0,8.5,6.4,,6.75,,,20.25,,
3.4,6.25,,,,1.75,3.75,5.75,2.4,,3.75,,,11.75,,
0.8,5.5,,,,4.0,4.0,7.0,2.2,,5.0,,,13.5,,
4.4,7.0,,,,4.75,6.25,7.75,4.6,,6.25,,,18.0,16.0,
2.6,6.25,,,,4.0,4.0,7.0,2.4,,5.0,,,14.25,,
4.8,7.5,,,,4.75,7.0,8.5,3.2,,6.75,,,19.25,,
2.2,2.5,,,,1.5,3.25,,,,,,,7.25,,
5.4,,,2.25,6.0,,,,,,,,13.65,,,
5.2,6.5,,,,4.5,4.75,7.75,3.4,,5.67,,,15.75,,
2.6,4.5,,,,3.0,5.0,6.5,2.8,,4.83,,,12.5,,
2.8,6.25,,,,3.5,3.0,6.75,2.6,,4.42,,,12.75,,
4.2,6.25,,,,3.25,5.75,7.5,3.6,,5.5,,,15.25,,
4.6,2.0,,,,3.0,3.25,,,,,,,8.25,,
3.6,7.0,,,,3.5,6.0,7.5,3.0,,5.67,,,16.5,,
2.8,5.0,,,,3.25,5.0,6.25,2.4,,4.83,,,13.25,,
3.0,4.75,,,,3.75,4.75,6.75,2.0,,5.08,,,13.25,,
2.8,2.75,,,,2.25,5.5,,,,,,,10.5,,
2.2,5.0,,,,2.5,3.75,5.0,1.8,,3.75,,,11.25,9.0,
2.4,3.0,,,,2.25,4.0,6.25,2.0,,4.17,,,9.25,,
6.4,8.0,4.5,3.5,4.75,,,,4.4,4.25,,14.4,14.65,,,15.3
,7.5,,,,6.75,7.5,,,,,,,21.75,,
3.2,5.0,,,,3.25,4.25,6.75,3.2,,4.75,,,12.5,,
3.8,6.75,,,,5.25,5.5,7.75,2.4,,6.17,,,17.5,,
3.8,7.25,,,,4.75,5.75,8.5,2.8,,6.33,,,17.75,,
2.8,4.0,,,,3.5,4.75,6.0,2.6,,4.75,,,12.25,,
4.0,4.0,,,,3.75,5.25,7.25,2.8,,5.42,,,13.0,,
6.4,8.5,,,,,,,4.2,,,,,,,
4.0,6.0,,,,3.75,6.25,7.75,3.8,,5.92,,,16.0,,
5.2,,4.0,4.5,5.0,,,,,4.5,,13.7,14.7,,,
3.2,7.25,,,,4.25,5.0,8.0,3.6,,5.75,,,16.5,,
4.8,7.0,,,,4.0,6.0,9.0,2.8,,6.33,,,17.0,,
3.8,6.0,,,,3.0,5.0,6.75,2.2,,4.92,,,14.0,12.0,
2.4,3.0,,,,5.0,6.25,5.5,2.6,,5.58,,,14.25,8.0,
2.6,2.75,,,,3.5,4.25,4.5,2.8,,4.08,,,10.5,,
6.4,7.25,6.5,5.25,4.25,,,,5.2,5.33,,18.15,15.9,,,18.1
7.0,8.0,,,,,,,4.2,,,,,,,
2.2,3.25,,,,3.25,4.75,,,,,,,11.25,,
4.6,6.5,,,,5.5,7.25,9.5,3.2,,7.42,,,19.25,,
4.2,8.0,,,,5.0,8.0,6.75,2.4,,6.58,,,21.0,,
5.6,3.75,,,,4.0,4.5,,,,,,,12.25,,
5.0,6.25,,,,5.25,5.75,6.75,2.8,,5.92,,,17.25,,
3.0,3.75,,,,2.5,4.75,7.5,2.2,,4.92,,,11.0,,
5.6,4.0,,,,4.0,5.0,7.25,4.4,,5.42,,,13.0,14.0,
2.6,2.25,,,,3.25,4.75,,,,,,,10.25,,
4.2,4.5,,,,4.25,5.5,7.25,2.4,,5.67,,,14.25,,
3.6,5.75,,,,5.0,5.0,6.5,1.8,,5.5,,,15.75,,
4.0,7.25,,,,3.25,5.25,8.0,5.0,,5.5,,,15.75,,
4.4,6.5,,,,4.25,5.75,6.25,3.6,,5.42,,,16.5,,
3.4,5.25,,,,2.25,4.25,,,,,,,11.75,,
3.0,6.25,,,,3.5,6.75,8.0,2.6,,6.08,,,16.5,,
3.6,2.5,,,,4.25,6.5,6.75,3.8,,5.83,,,13.25,,
3.4,2.75,,,,4.75,3.0,,,,,,,10.5,,
3.8,3.25,,,,2.5,4.25,,,,,,,10.0,,
2.6,1.75,,,,3.25,4.75,,,,,,,9.75,,
3.2,6.0,,,,3.25,4.5,6.5,2.2,,4.75,,,13.75,,
4.0,5.0,,,,3.5,6.0,8.25,2.8,,5.92,,,14.5,,
5.0,,,5.25,4.25,,,,,,,,14.5,,,
3.2,2.25,,,,4.75,4.75,5.25,1.8,,4.92,,,11.75,,
3.0,3.5,,,,2.75,3.0,5.75,3.2,,3.83,,,9.25,,
4.4,6.0,,,,3.5,7.5,7.5,2.4,,6.17,,,17.0,,
3.8,6.0,,,,4.0,6.0,6.0,2.6,,5.33,,,16.0,,
3.0,4.25,,,,2.25,5.25,3.5,3.6,,3.67,,,11.75,,
5.8,7.0,,,,3.25,6.0,7.0,2.4,,5.42,,,16.25,,
3.2,6.75,,,,3.75,6.5,6.25,2.4,,5.5,,,17.0,,
4.6,7.5,,,,4.25,6.5,8.0,2.8,,6.25,,,18.25,,
4.4,3.5,,,,2.0,3.5,4.25,2.8,,3.25,,,9.0,,
5.8,7.5,,,,4.25,6.0,8.25,4.4,,6.17,,,17.75,,
2.8,3.0,,,,2.75,3.0,,,,,,,8.75,,
4.4,6.0,,,,2.5,4.75,7.0,2.0,,4.75,,,13.25,,
3.2,6.75,,,,2.75,6.0,8.0,2.4,,5.58,,,15.5,,
,8.5,,,,7.25,7.25,,,,,,,23.0,,
1.6,5.5,,,,3.25,4.75,5.25,2.0,,4.42,,,13.5,,
4.6,8.25,,,,5.5,6.75,8.25,3.4,,6.83,,,20.5,,
4.6,7.75,,,,5.75,6.0,9.0,4.4,,6.92,,,19.5,,
2.0,4.25,,,,2.0,5.25,6.75,2.4,,4.67,,,11.5,,
6.6,,7.5,7.75,,,,,,,,21.85,,,,
3.6,6.5,,,,3.25,6.0,7.5,1.4,,5.58,,,15.75,,
5.8,8.5,,,,7.25,,,,,,,,,,
7.2,7.0,7.25,5.75,4.0,,,,4.6,5.67,,20.2,16.95,,,19.05
7.2,4.5,2.75,7.0,7.25,,,,3.4,5.67,,16.95,21.45,,,13.35
5.8,7.5,4.75,4.0,4.0,,,,6.6,4.25,,14.55,13.8,,,17.15
7.8,7.75,3.0,7.75,7.5,,,,3.2,6.08,,18.55,23.05,,,14.0
8.2,6.75,8.0,8.75,3.5,,,,3.6,6.75,,24.95,20.45,,,19.8
3.0,6.5,,,,6.0,7.0,8.5,2.4,,7.17,,,19.5,,
3.2,7.5,,,,5.0,7.5,6.75,3.4,,6.42,,,20.0,,
2.8,4.25,,,,3.25,5.0,5.0,2.0,,4.42,,,12.5,,
3.8,6.5,,,,3.75,5.5,8.25,3.8,,5.83,,,15.75,,
3.0,5.5,,,,3.25,5.25,7.25,2.8,,5.25,,,14.0,,
2.8,3.0,,,,3.25,4.5,5.0,2.8,,4.25,,,10.75,,
4.0,5.75,,,,6.75,8.0,7.75,3.4,,7.5,,,20.5,,
4.4,6.75,,,,4.5,5.75,,,,,,,17.0,,
3.8,3.5,,,,3.5,4.0,,,,,,,11.0,,
2.8,7.0,,,,2.75,5.25,,,,,,,15.0,,
2.2,2.5,,,,2.5,4.75,,,,,,,9.75,,
4.0,5.25,,,,2.75,4.0,,,,,,,12.0,,
1.2,2.5,,,,3.5,5.5,,,,,,,11.5,,
3.0,4.0,,,,2.75,3.75,3.75,1.6,,3.42,,,10.5,,
3.2,4.5,,,,3.75,3.25,5.0,3.0,,4.0,,,11.5,,
3.6,6.5,,,,3.25,7.5,7.75,2.0,,6.17,,,17.25,,
4.0,3.75,,,,3.5,5.25,9.0,3.2,,5.92,,,12.5,,
2.2,5.25,,,,3.25,7.0,7.5,2.4,,5.92,,,15.5,,
3.6,6.0,,,,3.0,5.5,6.25,3.8,,4.92,,,14.5,,
1.8,4.0,,,,2.0,5.0,6.25,2.2,,4.42,,,11.0,8.0,
2.6,4.0,,,,3.0,3.0,,,,,,,10.0,,
2.0,4.0,,,,4.25,6.0,,,,,,,14.25,,
1.6,4.75,,,,2.5,3.75,,,,,,,11.0,,
4.6,2.0,,,,5.5,6.25,,,,,,,13.75,,
1.8,4.0,,,,3.25,3.25,,,,,,,10.5,,
2.8,3.0,,,,2.25,5.0,,,,,,,10.25,,
1.8,3.0,,,,3.5,5.5,,,,,,,12.0,,
3.0,4.25,,,,3.25,4.5,,,,,,,12.0,,
2.2,5.25,,,,2.5,4.75,,,,,,,12.5,,
2.8,3.75,,,,2.75,6.0,,,,,,,12.5,,
1.6,3.25,,,,2.0,4.5,,,,,,,9.75,,
3.0,2.75,,,,2.5,5.25,,,,,,,10.5,,
4.2,3.0,,,,4.0,3.5,,,,,,,10.5,,
2.0,4.25,,,,3.0,5.0,,,,,,,12.25,,
3.0,6.25,,,,2.75,3.0,,,,,,,12.0,,
3.4,4.0,,,,2.75,3.25,,,,,,,10.0,,
2.2,5.5,,,,3.0,6.25,,,,,,,14.75,,
3.0,3.5,,,,4.25,5.75,,,,,,,13.5,,
2.8,2.75,,,,2.75,4.25,,,,,,,9.75,,
5.2,,4.5,4.25,5.5,,,,,4.75,,13.95,14.95,,,
3.2,3.75,,,,5.5,5.75,,,,,,,15.0,,
5.2,6.0,,,,6.25,,,,,,,,,,
1.6,5.75,,,,3.25,6.0,7.5,3.8,,5.58,,,15.0,,
4.8,7.25,,,,2.5,3.75,6.5,2.2,,4.25,,,13.5,,
3.6,6.5,,,,2.25,4.75,7.25,2.0,,4.75,,,13.5,,
4.2,6.25,,,,4.5,4.0,7.25,3.2,,5.25,,,14.75,,
7.0,3.5,5.75,7.0,5.0,,,,4.6,5.92,,19.75,19.0,,,17.35
3.4,2.0,,,,2.25,4.75,5.25,3.0,,4.08,,,9.0,,
3.2,5.0,,,,6.0,5.5,6.25,2.8,,5.92,,,16.5,11.0,
3.4,4.25,,,,2.75,4.5,7.5,2.4,,4.92,,,11.5,,
5.4,6.5,5.25,6.25,5.5,,,,3.6,5.67,,16.9,17.15,,,14.25
4.8,7.0,6.0,4.25,5.75,,,,6.2,5.33,,15.05,14.8,,18.0,17.0
7.2,5.25,5.5,3.5,5.75,,,,4.4,4.92,,16.2,16.45,,,17.1
2.8,3.25,,,,2.75,5.25,7.5,4.6,,5.17,,,11.25,,
4.4,7.75,,,,4.5,3.0,,,,,,,15.25,,
5.6,7.75,,,,5.5,2.75,,,,,,,16.0,,
3.4,7.5,,,,6.25,5.75,,,,,,,19.5,,
5.4,6.75,,,,4.25,3.0,,,,,,,14.0,,
2.2,5.5,,,,5.5,,,,,,,,,,
5.0,6.5,,,,8.75,,,,,,,,,,
3.6,5.0,,,,3.5,,,,,,,,,,
3.2,5.25,,,,2.75,5.75,7.75,3.6,,5.42,,,13.75,,
3.8,5.5,,,,4.0,6.5,6.75,5.6,,5.75,,,16.0,,
3.6,5.75,,,,3.5,4.0,7.25,3.6,,4.92,,,13.25,,
5.4,8.0,,,,3.5,6.0,7.75,4.6,,5.75,,,17.5,18.0,
3.6,4.5,,,,3.25,3.5,6.5,2.2,,4.42,,,11.25,,
3.2,3.75,,,,2.0,4.0,4.25,2.2,,3.42,,,9.75,,
3.8,7.25,,,,4.25,5.25,6.5,2.6,,5.33,,,16.75,,
2.4,6.0,,,,3.25,7.0,7.75,2.4,,6.0,,,16.25,,
1.6,6.5,,,,4.25,5.75,9.0,2.6,,6.33,,,16.5,,
5.4,4.75,,,,4.75,5.75,7.75,8.4,,6.08,,,15.25,,
5.0,7.75,,,,3.25,6.75,8.5,4.4,,6.17,,,17.75,,
4.8,7.0,,,,3.25,6.25,7.25,2.6,,5.58,,,16.5,,
3.8,6.5,,,,4.0,6.25,8.0,2.4,,6.08,,,16.75,,
4.6,6.5,,,,2.0,5.75,7.5,2.6,,5.08,,,14.25,,
4.8,8.0,,,,5.25,6.25,8.25,4.6,,6.58,,,19.5,,
5.8,6.0,,,,3.25,4.75,6.75,3.4,,4.92,,,14.0,,
5.0,5.0,6.5,3.5,4.0,,,,6.6,4.67,,15.0,12.5,,,18.1
6.4,7.25,,,,7.5,9.0,7.25,4.2,,7.92,,,23.75,,
6.2,4.0,5.0,6.25,4.5,,,,3.8,5.25,,17.45,16.95,,14.0,15.0
5.6,6.5,5.5,5.25,5.5,,,,4.4,5.42,,16.35,16.35,,,15.5
2.2,7.0,,,,3.5,5.5,7.25,1.8,,5.42,,,16.0,11.0,
6.0,6.75,4.0,3.75,5.75,,,,,4.5,,13.75,15.5,,,
4.4,6.0,2.75,5.0,4.0,,,,4.0,3.92,,12.15,13.4,,,11.15
6.0,5.5,2.5,3.5,4.75,,,,3.6,3.58,,12.0,14.25,,,12.1
4.2,5.75,,,,4.25,5.25,7.25,4.4,,5.58,,,15.25,,
5.0,6.0,2.75,3.75,4.25,,,,3.2,3.58,,11.5,13.0,,,10.95
4.0,6.25,4.0,2.75,3.75,,,,3.4,3.5,,10.75,10.5,,,11.4
5.4,4.25,3.25,5.25,4.5,,,,2.0,4.33,,13.9,15.15,,,10.65
6.4,5.0,4.75,6.0,4.0,,,,4.2,4.92,,17.15,16.4,,,15.35
7.2,7.5,3.0,7.5,6.0,,,,2.8,5.5,,17.7,20.7,,,13.0
6.2,7.75,,,,6.5,7.75,9.0,6.6,,7.75,,,22.0,,
6.0,8.5,,,,3.25,6.0,8.25,7.4,,5.83,,,17.75,,
3.2,5.25,,,,4.25,,,,,,,,,,
3.2,5.75,,,,3.5,,,,,,,,,,
,6.0,,,,4.0,6.25,,,,,,,16.25,,
7.0,3.75,6.5,4.5,2.5,,,,7.2,4.5,,18.0,14.0,,,20.7
2.2,5.0,,,,3.25,,,,,,,,,,
4.4,6.25,,,,4.5,,,,,,,,,,
3.2,5.0,,,,6.25,,,,,,,,,,
5.6,6.5,,,,7.25,,,,,,,,,,
,7.0,,,,5.5,8.25,,,,,,,20.75,,
3.6,7.0,,,,4.25,8.25,8.5,3.0,,7.0,,,19.5,,
3.2,4.5,,,,3.0,3.5,6.25,2.4,,4.25,,,11.0,,
5.2,6.5,4.75,5.0,4.0,,,,3.6,4.58,,14.95,14.2,,,13.55
5.8,,5.5,4.5,,,,,,,,15.8,,,,
4.0,5.5,,,,2.75,5.5,7.5,2.4,,5.25,,,13.75,,
4.6,7.5,,,,4.25,7.25,8.0,3.2,,6.5,,,19.0,,
2.0,3.75,,,,3.0,4.0,4.75,2.2,,3.92,,,10.75,,
3.8,8.25,,,,4.0,5.75,7.5,4.0,,5.75,,,18.0,,
8.4,,,7.75,7.5,,,,6.2,,,,23.65,,,
7.4,8.75,4.75,8.5,7.5,,,,6.6,6.92,,20.65,23.4,,,18.75
4.0,5.0,,,,4.25,,,,,,,,,,
5.4,8.25,,,,4.25,5.75,7.75,6.4,,5.92,,,18.25,,
3.4,6.75,,,,3.75,,,,,,,,,,
6.8,8.5,,,,6.0,2.0,,,,,,,16.5,,
3.0,6.25,,,,5.0,,,,,,,,,,
,5.5,,,,1.5,4.75,,,,,,,11.75,,
5.8,8.0,,,,5.25,,,,,,,,,,
4.0,3.5,2.0,3.5,3.25,,,,5.2,2.92,,9.5,10.75,,,11.2
6.4,8.75,,,,8.5,,,,,,,,,,
5.8,7.75,,,,6.5,5.5,8.25,2.8,,6.75,,,19.75,,
7.2,7.75,7.75,4.75,5.0,,,,7.4,5.83,,19.7,16.95,,,22.35
4.8,7.75,,,,4.75,8.25,9.25,5.6,,7.42,,,20.75,,
2.2,,,3.0,3.75,,,,,,,,8.95,,,
3.6,5.5,3.25,2.75,5.0,,,,3.4,3.67,,9.6,11.35,,,10.25
3.6,7.25,,,,2.25,4.0,,3.0,,,,,13.5,,
3.0,7.75,,,,5.5,7.0,7.25,2.4,,6.58,,,20.25,,
,7.0,,,,6.25,6.25,,,,,,,19.5,,
4.0,5.5,,,,,,,4.8,,,,,,,
5.6,,4.5,,,,,,3.0,,,,,,,13.1
4.2,5.0,,,,3.5,3.75,6.25,4.4,,4.5,,,12.25,,
2.6,4.25,,,,2.75,3.5,4.25,1.6,,3.5,,,10.5,,
4.4,4.5,,,,3.0,6.5,6.5,3.4,,5.33,,,14.0,,
3.6,5.75,,,,3.5,4.5,5.75,2.8,,4.58,,,13.75,,
3.8,4.75,,,,5.5,6.5,7.25,3.0,,6.42,,,16.75,,
3.2,7.5,,,,2.75,5.75,8.0,3.4,,5.5,,,16.0,,
2.4,6.0,,,,4.0,4.75,5.5,3.2,,4.75,,,14.75,,
2.4,2.0,,,,3.5,5.25,6.0,2.2,,4.92,,,10.75,,
6.2,5.0,4.5,6.75,4.5,,,,3.0,5.25,,17.45,17.45,,,13.7
3.4,2.0,,,,2.5,4.0,6.5,2.2,,4.33,,,8.5,,
4.4,3.75,,,,3.0,4.5,,,,,,,11.25,,
4.4,6.5,,,,4.25,6.25,8.75,2.4,,6.42,,,17.0,,
6.0,6.75,2.75,3.0,5.25,,,,3.4,3.67,,11.75,14.25,,,12.15
2.2,6.5,,,,3.0,6.5,7.25,2.4,,5.58,,,16.0,,
2.0,3.25,,,,3.25,5.5,,,,,,,12.0,,
3.0,6.25,,,,4.5,4.75,7.75,2.4,,5.67,,,15.5,,
5.6,8.0,,,,7.25,,,,,,,,,,
2.2,4.5,,,,3.75,4.0,,,,,,,12.25,,
3.0,4.25,,,,3.25,5.25,7.0,2.2,,5.17,,,12.75,,
6.2,8.0,,,,6.75,6.5,8.75,5.6,,7.33,,,21.25,,
2.8,7.25,,,,4.25,6.0,8.0,2.2,,6.08,,,17.5,,
4.2,6.0,,,,5.75,8.75,8.75,4.4,,7.75,,,20.5,,
3.2,4.0,,,,3.0,4.75,7.75,2.0,,5.17,,,11.75,,
4.6,7.5,,,,3.75,7.0,8.75,5.6,,6.5,,,18.25,,
4.4,6.5,,,,5.0,6.0,7.25,2.0,,6.08,,,17.5,,
2.6,5.75,3.0,1.75,5.0,,,,2.0,3.25,,7.35,9.35,,,7.6
4.2,7.5,,,,5.25,6.5,8.5,3.0,,6.75,,,19.25,,
3.4,5.0,,,,3.0,6.0,7.5,3.6,,5.5,,,14.0,12.0,
4.6,4.0,,,,4.5,5.75,7.0,3.4,,5.75,,,14.25,12.0,
4.8,7.5,,,,5.5,7.25,8.75,2.6,,7.17,,,20.25,,
3.4,6.25,,,,3.25,6.0,7.75,2.4,,5.67,,,15.5,,
2.6,6.75,,,,3.5,5.0,6.25,2.4,,4.92,,,15.25,,
3.2,5.75,,,,3.25,5.0,8.25,3.2,,5.5,,,14.0,,
4.2,4.0,,,,4.0,5.0,7.25,3.2,,5.42,,,13.0,,
2.6,3.5,,,,3.5,3.5,,,,,,,10.5,,
5.0,6.0,,,,4.25,7.5,8.5,4.0,,6.75,,,17.75,15.0,
3.4,3.25,,,,3.5,5.0,5.5,2.2,,4.67,,,11.75,,
3.8,6.25,,,,3.5,4.25,6.25,2.8,,4.67,,,14.0,,
3.8,4.0,,,,3.25,4.25,4.5,2.8,,4.0,,,11.5,,
2.6,3.25,,,,4.0,4.5,,,,,,,11.75,,
1.6,5.75,,,,4.25,5.0,6.25,3.2,,5.17,,,15.0,,
,7.25,,,,5.75,4.75,,,,,,,17.75,,
2.4,5.5,,,,2.75,3.5,6.75,3.6,,4.33,,,11.75,,
2.8,1.75,,,,3.75,2.75,3.0,2.2,,3.17,,,8.25,,
4.6,4.25,,,,4.75,8.25,8.5,4.4,,7.17,,,17.25,,
3.2,5.25,,,,4.0,4.25,5.75,3.0,,4.67,,,13.5,,
2.4,4.25,,,,2.75,5.25,5.25,2.8,,4.42,,,12.25,,
4.2,5.75,,,,5.75,8.0,9.25,2.4,,7.67,,,19.5,,
2.6,3.0,,,,3.25,4.75,,,,,,,11.0,,
3.0,5.0,,,,4.0,4.25,7.5,3.4,,5.25,,,13.25,,
3.8,6.5,,,,5.5,6.5,8.25,3.0,,6.75,,,18.5,,
2.8,5.0,,,,2.75,5.5,7.0,3.0,,5.08,,,13.25,,
5.0,6.75,,,,4.25,6.75,7.75,2.6,,6.25,,,17.75,,
2.4,5.25,,,,3.0,5.25,6.75,2.4,,5.0,,,13.5,,
3.4,5.5,,,,2.75,6.0,5.0,2.2,,4.58,,,14.25,,
4.2,4.75,,,,3.75,6.0,8.5,2.6,,6.08,,,14.5,,
2.8,6.25,,,,3.75,6.0,6.5,2.0,,5.42,,,16.0,,
3.8,7.0,,,,3.5,7.0,7.25,3.4,,5.92,,,17.5,,
5.2,6.0,,,,4.25,6.25,7.75,3.6,,6.08,,,16.5,,
2.8,6.75,,,,4.25,6.5,7.5,3.2,,6.08,,,17.5,,
3.6,2.75,,,,4.0,4.25,3.75,2.6,,4.0,,,11.0,,
3.2,5.75,,,,3.5,6.25,7.0,2.4,,5.58,,,15.5,,
6.4,6.5,4.5,5.5,5.75,,,,4.0,5.25,,16.4,17.65,,,14.9
3.0,5.0,,,,4.25,5.5,7.25,2.6,,5.67,,,14.75,,
1.2,6.75,,,,3.75,5.75,8.75,3.2,,6.08,,,16.25,,
2.8,4.0,,,,3.25,5.75,5.0,1.8,,4.67,,,13.0,,
4.4,7.0,2.75,5.5,5.5,,,,4.2,4.58,,12.65,15.4,,,11.35
3.6,5.0,,,,3.5,5.75,7.75,4.4,,5.67,,,14.25,13.0,
2.0,4.0,,,,3.5,5.75,7.5,2.2,,5.58,,,13.25,,
5.6,6.5,5.0,3.75,5.25,,,,2.8,4.67,,14.35,14.6,,,13.4
5.2,7.75,4.75,6.25,5.5,,,,3.8,5.5,,16.2,16.95,,,13.75
4.2,4.0,,,,2.5,2.75,6.5,3.0,,3.92,,,9.25,,
4.0,6.25,,,,4.0,6.25,7.75,3.6,,6.0,,,16.5,,
3.4,5.75,,,,2.5,5.0,6.5,2.4,,4.67,,,13.25,,
4.6,6.75,,,,3.5,5.0,9.0,3.4,,5.83,,,15.25,,
1.8,5.5,,,,2.5,4.75,5.0,2.8,,4.08,,,12.75,,
3.0,4.5,,,,2.75,4.25,5.0,2.8,,4.0,,,11.5,,
2.8,5.25,,,,4.5,5.0,6.75,3.8,,5.42,,,14.75,,
4.6,8.0,5.25,5.5,7.0,,,,5.8,5.92,,15.35,17.1,,,15.65
,5.0,,,,4.25,5.75,,,,,,,15.0,,
5.0,6.0,,,,3.75,4.5,8.0,2.6,,5.42,,,14.25,,
,5.75,,,,4.5,7.5,,,,,,,17.75,,
3.4,3.75,,,,2.0,4.25,,,,,,,10.0,,
4.8,8.0,,,,6.0,7.0,8.25,4.2,,7.08,,,21.0,17.0,
3.8,4.0,,,,3.25,5.25,,,,,,,12.5,,
5.0,7.25,,,,4.5,6.0,6.5,3.2,,5.67,,,17.75,,
5.8,,,6.25,6.0,,,,,,,,18.05,,,
3.4,6.0,,,,3.75,6.0,6.75,2.8,,5.5,,,15.75,,
4.2,5.5,,,,2.5,5.5,6.0,2.0,,4.67,,,13.5,,
3.6,4.5,,,,3.5,4.75,6.75,3.2,,5.0,,,12.75,,
2.0,4.25,,,,2.5,2.25,2.0,2.6,,2.25,,,9.0,,
2.2,3.25,,,,2.75,3.75,4.5,2.6,,3.67,,,9.75,,
5.0,6.0,,,,2.75,6.5,8.25,2.2,,5.83,,,15.25,,
3.0,7.0,,,,3.0,5.75,7.0,2.6,,5.25,,,15.75,,
2.4,3.25,,,,3.25,4.0,,,,,,,10.5,,
3.8,6.25,,,,3.75,4.75,,,,,,,14.75,,
6.0,8.5,,,,5.0,7.25,9.5,4.8,,7.25,,,20.75,,
6.2,6.75,,,,6.5,,,,,,,,,,
2.2,4.75,,,,5.75,5.75,8.0,2.2,,6.5,,,16.25,,
3.6,6.0,,,,3.75,2.75,5.75,3.2,,4.08,,,12.5,,
3.0,3.25,,,,2.75,2.75,5.25,3.6,,3.58,,,8.75,,
4.0,1.75,,,,2.75,4.75,,,,,,,9.25,,
4.0,6.25,,,,3.75,3.0,7.0,3.6,,4.58,,,13.0,,
3.4,6.5,,,,4.0,5.25,7.75,1.8,,5.67,,,15.75,,
5.4,6.25,,,,3.5,4.75,6.25,1.2,,4.83,,,14.5,,
2.6,2.5,,,,3.5,3.5,4.75,2.4,,3.92,,,9.5,,
4.4,5.5,,,,2.5,5.75,6.75,2.8,,5.0,,,13.75,,
2.6,2.0,,,,3.75,4.5,5.75,2.6,,4.67,,,10.25,,
4.8,5.5,,,,5.75,5.0,7.0,3.6,,5.92,,,16.25,,
2.6,4.0,,,,3.0,3.5,5.5,2.0,,4.0,,,10.5,,
5.6,8.25,4.5,5.0,4.75,,,,4.8,4.75,,15.1,15.35,,,14.9
3.6,,2.5,2.75,,,,,,,,8.85,,,,
,5.5,,,,4.5,5.75,,,,,,,15.75,,
2.6,4.5,,,,3.75,5.75,,,,,,,14.0,,
3.6,7.5,,,,4.25,6.5,7.5,2.2,,6.08,,,18.25,,
3.2,3.25,,,,2.75,5.25,2.75,3.8,,3.58,,,11.25,,
4.6,6.5,,,,2.75,5.5,6.75,2.0,,5.0,,,14.75,,
4.6,7.5,,,,3.25,4.75,7.5,2.6,,5.17,,,15.5,,
5.4,7.5,3.75,4.0,4.75,,,,2.4,4.17,,13.15,14.15,,,11.55
2.4,5.0,,,,2.5,4.5,6.25,3.0,,4.42,,,12.0,,
5.0,7.5,,,,3.75,6.25,6.75,2.2,,5.58,,,17.5,,
3.6,5.75,,,,3.25,4.25,5.5,2.4,,4.33,,,13.25,,
3.0,4.0,,,,3.0,4.5,6.25,2.0,,4.58,,,11.5,9.0,
3.8,6.25,,,,6.0,6.75,9.0,3.0,,7.25,,,19.0,,
4.0,7.5,,,,4.0,5.5,8.5,2.2,,6.0,,,17.0,,
2.6,4.0,,,,2.75,5.25,6.0,3.8,,4.67,,,12.0,,
,8.25,,,,4.0,6.75,,,,,,,19.0,,
3.2,5.0,,,,4.0,5.25,7.25,2.2,,5.5,,,14.25,,
3.2,,2.5,3.75,,,,,,,,9.45,,,,
3.8,5.75,,,,4.0,6.25,6.75,4.2,,5.67,,,16.0,,
1.6,2.5,,,,3.0,3.5,,,,,,,9.0,,
5.6,6.25,4.0,3.25,4.0,,,,3.4,3.75,,12.85,12.85,,,13.0
3.2,5.25,,,,2.0,5.25,8.25,2.8,,5.17,,,12.5,,
4.6,7.0,,,,7.0,7.25,8.5,3.0,,7.58,,,21.25,,
2.0,3.0,,,,3.75,4.0,,,,,,,10.75,,
2.4,4.25,,,,3.25,5.75,6.5,2.8,,5.17,,,13.25,,
5.2,3.5,,,,3.25,6.25,5.0,3.2,,4.83,,,13.0,,
2.6,2.25,,,,4.5,3.75,,,,,,,10.5,,
3.8,5.5,,,,2.5,6.0,,,,,,,14.0,,
5.6,7.75,,,,3.0,6.5,8.75,6.0,,6.08,,,17.25,,
2.0,3.75,,,,1.75,5.5,6.0,2.6,,4.42,,,11.0,,
3.2,3.5,,,,4.25,6.75,8.0,3.6,,6.33,,,14.5,,
4.6,6.0,,,,4.5,8.0,8.5,2.8,,7.0,,,18.5,,
7.0,7.5,8.0,6.5,4.5,,,,3.6,6.33,,21.5,18.0,,,18.6
3.8,2.75,,,,3.5,5.5,7.5,2.2,,5.5,,,11.75,,
4.2,5.75,,,,3.5,5.0,6.0,2.0,,4.83,,,14.25,,
1.8,3.0,,,,3.25,4.5,,,,,,,10.75,,
1.8,2.0,,,,2.75,3.5,,,,,,,8.25,,
3.2,3.75,,,,3.75,4.0,,,,,,,11.5,,
1.8,3.0,,,,1.75,5.0,,,,,,,9.75,,
3.0,,4.0,,,,,,2.8,,,,,,,9.8
2.8,4.0,,,,2.5,4.25,,,,,,,10.75,,
,7.25,,,,6.0,7.0,,,,,,,20.25,,
,7.0,,,,6.25,7.0,,,,,,,20.25,,
2.2,2.0,,,,2.5,1.5,,,,,,,6.0,,
4.0,3.5,,,,3.5,5.25,,,,,,,12.25,,
,6.75,,,,4.25,6.5,,,,,,,17.5,,
,7.25,,,,2.75,5.75,,,,,,,15.75,,
2.6,4.75,,,,3.5,2.75,5.5,2.0,,3.92,,,11.0,,
5.2,8.0,,,,6.5,7.25,9.0,5.2,,7.58,,,21.75,,
3.6,5.75,,,,4.0,6.25,7.75,3.0,,6.0,,,16.0,,
3.8,5.0,,,,3.0,4.5,7.0,3.6,,4.83,,,12.5,,
3.8,4.0,,,,3.0,6.25,5.5,3.0,,4.92,,,13.25,,
5.0,7.75,3.75,5.0,2.5,3.75,6.75,7.5,3.0,3.75,6.0,13.75,12.5,18.25,,11.75
3.2,3.75,,,,2.25,5.25,6.25,1.4,,4.58,,,11.25,,
3.4,2.75,,,,2.75,3.0,5.75,3.6,,3.83,,,8.5,,
4.0,3.75,,,,3.5,3.5,,,,,,,10.75,,
3.4,6.0,,,,2.75,5.5,,,,,,,14.25,,
2.8,5.0,,,,2.25,4.5,,,,,,,11.75,,
4.6,5.25,,,,4.5,6.75,,,,,,,16.5,,
3.2,5.5,,,,3.75,5.5,,,,,,,14.75,,
2.4,4.0,,,,2.0,3.5,,,,,,,9.5,,
5.6,7.25,3.0,7.25,5.5,,,,4.2,5.25,,15.85,18.35,,,12.8
7.0,8.75,4.75,3.75,5.75,,,,7.6,4.75,,15.5,16.5,,,19.35
5.0,3.75,4.25,4.5,3.0,,,,5.2,3.92,,13.75,12.5,,,14.45
7.0,8.0,8.0,6.0,4.25,,,,5.0,6.08,,21.0,17.25,,20.0,20.0
6.4,7.0,5.5,6.0,3.75,,,,3.0,5.08,,17.9,16.15,,,14.9
7.2,7.5,7.0,5.75,5.25,,,,3.2,6.0,,19.95,18.2,,,17.4
7.6,8.75,7.75,6.25,5.0,,,,8.6,6.33,,21.6,18.85,,,23.95
7.2,6.5,8.0,3.75,4.25,,,,7.4,5.33,,18.95,15.2,,,22.6
6.4,4.0,6.25,3.0,4.5,,,,3.6,4.58,,15.65,13.9,,14.0,16.25
7.2,7.25,5.75,7.0,6.5,,,,5.2,6.42,,19.95,20.7,,,18.15
2.6,5.0,,,,3.0,4.75,5.75,3.2,,4.5,,,12.75,,
4.4,7.25,,,,3.5,5.25,7.75,3.2,,5.5,,,16.0,,
3.6,8.0,,,,7.0,7.0,8.25,3.0,,7.42,,,22.0,,
2.6,7.5,,,,4.75,5.75,7.25,5.4,,5.92,,,18.0,,
2.8,6.0,,,,4.25,4.75,6.0,2.6,,5.0,,,15.0,,
4.2,3.0,4.75,6.0,4.25,,,,4.8,5.0,,14.95,14.45,,12.0,13.75
4.8,5.25,6.5,4.5,4.25,,,,4.4,5.08,,15.8,13.55,,,15.7
4.8,7.0,,,,3.25,5.75,6.0,2.6,,5.0,,,16.0,,
5.4,5.25,4.0,5.25,4.0,,,,3.6,4.42,,14.65,14.65,,,13.0
2.4,5.0,,,,2.25,4.5,4.25,3.2,,3.67,,,11.75,,
1.6,4.75,,,,2.25,5.75,7.0,3.4,,5.0,,,12.75,,
5.6,5.0,6.25,5.0,4.5,,,,2.6,5.25,,16.85,15.1,,,14.45
4.2,6.5,,,,3.0,6.25,7.0,3.4,,5.42,,,15.75,,
4.2,5.25,,,,4.5,6.0,8.0,3.2,,6.17,,,15.75,,
2.6,6.0,,,,3.5,3.5,3.5,2.8,,3.5,,,13.0,,
2.4,4.75,,,,3.25,4.5,3.0,3.2,,3.58,,,12.5,,
4.8,7.75,,,,3.75,6.75,7.5,3.4,,6.0,,,18.25,,
3.4,2.5,,,,3.0,5.0,5.75,2.0,,4.58,,,10.5,,
2.4,5.0,,,,2.75,4.25,7.25,2.4,,4.75,,,12.0,,
3.2,4.0,,,,2.25,4.5,6.5,5.8,,4.42,,,10.75,13.0,
3.4,6.75,,,,4.5,5.5,7.75,5.6,,5.92,,,16.75,,
5.0,8.25,,,,5.0,7.5,8.0,4.6,,6.83,,,20.75,,
4.0,7.5,,,,6.0,6.75,6.75,3.8,,6.5,,,20.25,,
3.6,5.0,,,,3.0,5.0,7.0,2.4,,5.0,,,13.0,11.0,
3.4,2.5,,,,2.25,5.25,,,,,,,10.0,,
3.0,3.0,,,,2.25,4.0,,,,,,,9.25,,
3.8,3.0,,,,2.0,4.75,,,,,,,9.75,,
4.0,3.75,,,,2.0,4.5,,,,,,,10.25,,
2.8,3.0,,,,4.0,6.25,,,,,,,13.25,,
2.6,3.5,,,,4.5,5.25,,,,,,,13.25,,
,5.25,,,,4.75,6.5,,,,,,,16.5,,
2.0,1.75,,,,3.0,3.75,,,,,,,8.5,,
,6.0,,,,6.5,6.5,,,,,,,19.0,,
2.8,3.0,,,,3.5,5.5,,,,,,,12.0,,
5.0,3.5,,,,4.75,7.25,,,,,,,15.5,,
3.4,2.75,,,,3.75,4.75,,,,,,,11.25,,
4.2,6.5,,,,3.5,5.0,6.5,3.6,,5.0,,,15.0,,
4.0,6.25,,,,2.75,7.75,6.5,,,5.67,,,16.75,,
4.8,4.75,,,,3.25,5.75,7.25,2.4,,5.42,,,13.75,,
6.6,3.0,8.0,5.25,3.5,,,,4.6,5.58,,19.85,15.35,,,19.2
5.6,6.5,5.0,5.0,6.0,,,,6.6,5.33,,15.6,16.6,,,17.2
6.2,4.5,4.75,1.5,4.5,,,,8.2,3.58,,12.45,12.2,,,19.15
3.8,7.75,3.75,3.5,5.5,,,,4.4,4.25,,11.05,12.8,,,11.95
5.6,6.0,3.25,6.25,4.75,,,,5.2,4.75,,15.1,16.6,,,14.05
5.2,6.0,4.25,4.0,4.5,,,,3.2,4.25,,13.45,13.7,,,12.65
5.6,7.25,7.25,6.5,6.0,,,,4.0,6.58,,19.35,18.1,,,16.85
2.4,2.75,,,,3.0,4.25,,,,,,,10.0,,
1.8,2.75,,,,3.25,5.5,,,,,,,11.5,,
3.6,2.25,,,,2.25,2.5,,,,,,,7.0,,
4.0,5.0,,,,3.0,5.25,,,,,,,13.25,,
4.2,7.25,,,,5.25,4.75,,4.0,,,,,17.25,,
2.4,1.5,,,,2.75,2.5,,,,,,,6.75,,
3.6,3.75,,,,3.25,5.25,,,,,,,12.25,,
3.8,3.0,,,,4.75,6.75,,,,,,,14.5,,
6.0,7.5,,,,4.5,7.0,9.5,7.6,,7.0,,,19.0,,
5.6,8.0,,,,4.0,6.75,8.75,6.0,,6.5,,,18.75,,
5.8,7.0,5.75,4.75,5.25,,,,6.4,5.25,,16.3,15.8,,,17.95
3.0,5.75,3.25,2.25,4.75,,,,4.0,3.42,,8.5,10.0,,,10.25
4.0,6.75,,,,3.25,5.5,6.75,2.4,,5.17,,,15.5,,
3.8,5.5,,,,4.0,5.0,7.25,2.4,,5.42,,,14.5,,
4.0,4.25,4.0,2.5,2.5,,,,3.6,3.0,,10.5,9.0,,,11.6
5.0,6.25,5.0,4.25,4.75,,,,2.8,4.67,,14.25,14.0,,,12.8
2.8,3.0,,,,2.5,6.75,,,,,,,12.25,,
3.2,5.0,,,,3.5,4.75,6.0,3.4,,4.75,,,13.25,,
5.4,5.75,6.75,2.75,3.0,,,,5.2,4.17,,14.9,11.15,,,17.35
6.4,7.5,,,,3.75,5.75,8.5,,,6.0,,,17.0,,
5.8,7.25,,,,5.0,6.5,9.75,9.4,,7.08,,,18.75,,
5.2,6.0,,,,6.5,,,,,,,,,,
5.0,7.75,,,,6.5,2.0,,,,,,,16.25,,
6.6,4.75,4.0,5.5,5.5,,,,2.4,5.0,,16.1,17.6,,,13.0
7.0,4.5,6.25,6.25,4.25,,,,2.6,5.58,,19.5,17.5,,,15.85
6.4,7.25,,,,5.75,2.25,,,,,,,15.25,,
5.2,,6.0,6.25,,,,,,,,17.45,,,,
3.6,2.25,,,,2.25,5.0,,,,,,,9.5,,
5.8,6.5,,,,5.5,3.25,,,,,,,15.25,,
2.4,3.0,,,,2.5,3.5,,,,,,,9.0,,
4.0,7.75,,,,3.0,6.5,8.25,3.4,,5.92,,,17.25,,
2.2,2.75,,,,2.75,5.5,,,,,,,11.0,,
2.4,6.5,,,,5.5,2.75,,,,,,,14.75,,
4.6,8.25,,,,4.75,3.75,,,,,,,16.75,,
3.6,5.5,,,,4.75,,,,,,,,,,
5.4,9.0,,,,8.25,5.5,,,,,,,22.75,,
2.4,4.5,,,,5.0,,,,,,,,,,
5.0,7.75,4.5,5.5,3.25,,,,4.0,4.42,,15.0,13.75,,,13.5
2.0,3.75,,,,4.25,2.75,,,,,,,10.75,,
4.8,6.0,,,,6.25,,,,,,,,,,
3.8,,2.5,3.25,,,,,,,,9.55,,,,
6.8,7.5,6.75,6.75,6.25,,,,3.6,6.58,,20.3,19.8,,,17.15
2.4,4.25,,,,1.75,4.5,,,,,,,10.5,,
5.2,4.25,4.5,6.75,7.25,,,,5.4,6.17,,16.45,19.2,,,15.1
2.6,3.5,,,,3.5,4.25,,,,,,,11.25,,
4.4,3.5,,,,3.0,3.5,,,,,,,10.0,,
6.8,,7.5,,,,,,8.6,,,,,,,22.9
5.2,5.5,5.25,6.75,3.75,,,,2.8,5.25,,17.2,15.7,,,13.25
4.2,5.5,,,,6.75,,,,,,,,,,
4.4,7.25,,,,6.5,6.75,8.5,4.6,,7.25,,,20.5,,
4.0,7.5,,,,7.75,8.5,9.0,3.8,,8.42,,,23.75,,
3.4,3.0,,,,3.75,2.5,,,,,,,9.25,,
5.2,6.5,,,,4.25,7.25,8.0,3.6,,6.5,,,18.0,,
6.0,2.5,5.0,3.5,3.75,,,,2.0,4.08,,14.5,13.25,,,13.0
3.0,5.5,,,,4.25,4.75,7.5,2.6,,5.5,,,14.5,,
1.8,3.75,,,,2.0,5.0,5.0,1.8,,4.0,,,10.75,,
2.6,3.5,,,,3.75,4.5,6.0,4.6,,4.75,,,11.75,,
1.6,3.25,,,,1.75,6.25,6.5,3.0,,4.83,,,11.25,,
3.4,5.0,,,,2.25,3.75,5.0,1.8,,3.67,,,11.0,,
3.8,5.0,,,,2.75,5.0,7.0,4.0,,4.92,,,12.75,,
3.0,7.25,,,,5.0,7.25,8.25,3.0,,6.83,,,19.5,,
4.0,6.0,,,,3.25,5.5,6.25,2.8,,5.0,,,14.75,,
,5.5,,,,4.5,4.75,,,,,,,14.75,,
6.8,7.25,6.75,4.25,6.75,,,,6.2,5.92,,17.8,17.8,,,19.75
4.4,7.25,,,,5.25,6.75,8.25,4.2,,6.75,,,19.25,,
3.8,4.5,,,,2.0,5.0,,,,,,,11.5,,
3.4,2.25,,,,2.25,5.25,,,,,,,9.75,,
1.6,2.5,,,,3.0,4.75,,,,,,,10.25,,
5.2,,,5.75,6.5,,,,,,,,17.45,,,
4.0,7.5,,,,3.75,6.25,7.5,5.6,,5.83,,,17.5,,
5.0,6.75,,,,,,,4.0,,,,,,,
2.0,3.25,,,,3.0,4.0,6.5,2.8,,4.5,,,10.25,,
6.2,7.5,,,,3.75,5.75,8.5,2.4,,6.0,,,17.0,,
5.0,7.5,,,,5.5,5.75,8.25,3.6,,6.5,,,18.75,,
3.0,6.25,,,,3.5,5.5,8.0,4.0,,5.67,,,15.25,,
6.2,8.25,4.5,5.0,4.5,,,,7.2,4.67,,15.7,15.7,,,17.9
3.4,6.5,,,,1.75,6.0,8.25,2.6,,5.33,,,14.25,,
2.8,2.5,,,,3.75,5.0,5.75,2.8,,4.83,,,11.25,,
5.6,8.25,,,,4.0,6.0,8.75,6.2,,6.25,,,18.25,,
5.4,4.5,5.0,6.25,6.0,,,,3.8,5.75,,16.65,17.65,,,14.2
2.8,6.25,,,,3.75,5.0,5.25,1.8,,4.67,,,15.0,,
3.8,4.75,,,,2.75,4.75,7.5,3.2,,5.0,,,12.25,,
4.6,4.75,,,,5.25,6.25,8.75,2.6,,6.75,,,16.25,,
3.0,5.0,,,,2.75,4.25,7.5,1.8,,4.83,,,12.0,,
2.6,3.75,,,,3.75,4.25,6.5,2.2,,4.83,,,11.75,,
4.8,7.75,4.5,6.25,5.0,,,,4.6,5.25,,15.55,16.05,,,13.9
3.4,4.5,,,,3.0,5.0,,,,,,,12.5,,
3.2,8.0,,,,8.75,7.75,7.5,2.8,,8.0,,,24.5,14.0,
3.8,2.75,,,,3.75,6.5,6.25,2.6,,5.5,,,13.0,,
3.6,5.25,,,,3.5,5.75,7.75,2.8,,5.67,,,14.5,,
3.4,5.75,,,,3.25,5.0,7.0,2.8,,5.08,,,14.0,,
4.0,7.5,,,,3.75,7.0,8.5,2.8,,6.42,,,18.25,,
2.4,2.75,,,,3.25,3.5,,,,,,,9.5,,
3.0,2.0,,,,2.75,5.25,7.25,2.4,,5.08,,,10.0,,
4.8,5.5,,,,5.5,5.75,7.75,2.6,,6.33,,,16.75,,
3.2,4.5,,,,3.0,6.25,7.0,3.2,,5.42,,,13.75,,
2.8,5.25,,,,3.25,5.5,7.0,2.4,,5.25,,,14.0,,
4.4,3.0,,,,2.25,4.0,,,,,,,9.25,,
4.8,7.0,,,,6.75,5.75,8.5,3.0,,7.0,,,19.5,,
2.2,5.0,,,,2.75,6.25,8.0,2.2,,5.67,,,14.0,,
5.2,3.75,,,,2.5,6.25,8.0,4.8,,5.58,,,12.5,,
4.6,6.5,,,,2.25,5.25,7.25,2.2,,4.92,,,14.0,,
4.8,8.0,,,,3.5,4.75,7.25,3.8,,5.17,,,16.25,,
5.0,8.25,,,,6.25,8.0,8.25,3.4,,7.5,,,22.5,,
3.4,4.0,,,,2.25,4.75,4.0,2.6,,3.67,,,11.0,10.0,
5.2,5.75,,,,3.5,4.5,8.0,3.6,,5.33,,,13.75,,
,7.25,,,,4.5,6.5,,,,,,,18.25,,
2.6,4.75,,,,3.5,5.5,,,,,,,13.75,,
7.8,8.5,,,,6.75,8.0,9.0,9.2,,7.92,,,23.25,,
2.0,4.75,,,,2.75,5.0,5.0,2.6,,4.25,,,12.5,,
4.2,8.5,,,,6.75,,,,,,,,,,
2.0,4.75,,,,4.5,6.0,5.5,2.4,,5.33,,,15.25,,
3.8,8.0,,,,4.25,5.25,8.25,2.8,,5.92,,,17.5,,
5.8,7.5,4.25,5.0,6.75,,,,3.8,5.33,,15.05,17.55,,,13.85
4.0,3.75,,,,2.75,4.5,,,,,,,11.0,,
3.6,3.25,,,,3.5,5.0,7.75,2.4,,5.42,,,11.75,,
5.4,6.75,,,,5.0,6.75,7.75,2.6,,6.5,,,18.5,,
,7.5,,,,5.5,7.75,,,,,,,20.75,,
3.6,5.5,,,,2.5,6.5,7.75,2.6,,5.58,,,14.5,,
5.6,8.5,,,,6.75,6.5,8.25,4.6,,7.17,,,21.75,,
3.2,3.0,,,,4.5,5.5,6.5,2.8,,5.5,,,13.0,9.0,
4.2,4.75,,,,3.0,5.25,8.5,2.8,,5.58,,,13.0,,
,7.0,,,,6.75,6.0,,,,,,,19.75,,
3.0,4.0,,,,2.75,5.5,6.75,3.2,,5.0,,,12.25,,
3.6,6.75,,,,3.0,5.75,6.75,1.8,,5.17,,,15.5,,
5.0,6.75,,,,3.75,7.75,8.25,4.4,,6.58,,,18.25,,
4.6,7.5,,,,4.5,5.75,8.0,4.2,,6.08,,,17.75,,
3.8,6.75,,,,2.5,7.5,7.75,2.2,,5.92,,,16.75,,
4.4,8.5,,,,3.0,5.25,9.0,2.8,,5.75,,,16.75,,
4.2,5.75,,,,2.0,6.0,6.75,3.2,,4.92,,,13.75,,
4.4,5.5,,,,4.25,7.0,7.75,3.2,,6.33,,,16.75,,
3.4,6.5,,,,4.0,6.5,8.0,3.4,,6.17,,,17.0,,
3.2,6.5,,,,4.25,4.0,6.75,3.8,,5.0,,,14.75,,
5.0,7.25,,,,5.5,6.5,8.0,2.4,,6.67,,,19.25,,
2.4,,,,,2.5,4.0,,2.8,,,,,,,
5.0,7.5,,,,5.25,6.75,9.0,4.0,,7.0,,,19.5,,
4.0,6.0,,,,3.75,4.5,6.75,3.0,,5.0,,,14.25,13.0,
3.0,4.5,,,,2.25,5.25,7.25,2.2,,4.92,,,12.0,,
4.4,7.25,,,,3.75,6.5,8.5,6.6,,6.25,,,17.5,,
2.6,2.75,,,,3.25,5.25,,,,,,,11.25,,
3.8,5.75,,,,5.0,7.0,7.5,3.4,,6.5,,,17.75,,
3.0,3.75,,,,3.25,4.5,7.0,3.8,,4.92,,,11.5,,
3.2,5.0,,,,2.25,6.0,5.0,2.8,,4.42,,,13.25,11.0,
2.6,3.0,,,,2.0,1.0,4.25,2.2,,2.42,,,6.0,,
2.4,4.0,,,,3.75,4.25,5.0,2.6,,4.33,,,12.0,9.0,
4.4,7.5,,,,4.25,7.25,8.75,3.6,,6.75,,,19.0,,
6.6,8.5,,,,2.75,7.0,8.25,4.0,,6.0,,,18.25,,
4.0,2.5,,,,3.25,4.25,,,,,,,10.0,,
4.0,5.0,,,,4.0,7.0,7.75,4.0,,6.25,,,16.0,13.0,
1.0,5.75,,,,3.0,5.0,5.25,3.4,,4.42,,,13.75,,
1.2,3.0,,,,2.75,4.5,,,,,,,10.25,,
1.6,2.0,,,,3.75,4.75,,,,,,,10.5,,
3.4,3.75,,,,2.5,4.5,5.75,3.6,,4.25,,,10.75,,
4.8,,6.25,5.25,,,,,,,,16.3,,,,
1.6,2.25,,,,2.0,3.0,,,,,,,7.25,,
2.6,2.5,,,,3.0,4.5,6.0,2.0,,4.5,,,10.0,,
4.0,7.0,,,,4.0,7.0,8.0,3.6,,6.33,,,18.0,,
2.4,5.75,,,,3.0,4.0,4.25,3.4,,3.75,,,12.75,,
3.0,4.5,,,,2.75,4.75,6.0,3.2,,4.5,,,12.0,,
3.2,4.0,,,,3.5,6.0,6.25,2.2,,5.25,,,13.5,,
,7.75,,,,8.5,7.75,,,,,,,24.0,,
3.4,5.5,,,,3.25,5.75,6.75,3.0,,5.25,,,14.5,,
2.8,4.0,,,,3.75,5.5,5.5,3.0,,4.92,,,13.25,,
3.0,5.0,,,,3.0,6.75,8.0,3.0,,5.92,,,14.75,11.0,
4.0,7.0,,,,4.5,6.0,7.75,3.6,,6.08,,,17.5,,
3.6,7.5,,,,5.25,5.75,9.0,2.2,,6.67,,,18.5,,
3.6,6.75,,,,3.25,5.25,7.0,3.0,,5.17,,,15.25,,
2.0,3.25,,,,4.5,5.0,8.25,1.8,,5.92,,,12.75,,
4.4,3.25,,,,3.75,6.5,7.25,2.2,,5.83,,,13.5,,
3.0,4.5,,,,3.5,2.75,5.75,3.2,,4.0,,,10.75,,
4.0,6.25,,,,5.25,5.25,7.25,4.4,,5.92,,,16.75,,
5.4,5.25,,,,2.25,5.5,6.75,3.2,,4.83,,,13.0,,
3.6,3.0,,,,2.75,4.75,,,,,,,10.5,,
3.2,6.25,,,,3.25,3.75,5.25,2.6,,4.08,,,13.25,,
5.2,5.75,5.5,4.25,6.0,,,,2.8,5.25,,14.95,15.45,,,13.5
6.2,5.0,6.25,4.5,6.0,,,,2.6,5.58,,16.95,16.7,,,15.05
3.6,7.0,,,,3.25,4.5,5.75,3.8,,4.5,,,14.75,,
2.2,3.0,,,,2.25,3.75,5.0,3.8,,3.67,,,9.0,9.0,
4.6,3.75,,,,4.0,4.25,6.25,3.0,,4.83,,,12.0,,
5.2,6.5,5.25,3.25,5.5,,,,2.6,4.67,,13.7,13.95,,,13.05
,7.25,,,,5.75,6.0,,,,,,,19.0,,
4.6,5.75,,,,3.0,6.5,8.0,4.6,,5.83,,,15.25,,
3.0,6.25,,,,2.0,4.75,3.75,3.0,,3.5,,,13.0,,
1.8,5.25,,,,3.0,3.5,,,,,,,11.75,,
4.0,8.0,,,,5.25,7.25,7.75,7.8,,6.75,,,20.5,,
3.8,5.5,,,,1.75,5.25,6.75,2.4,,4.58,,,12.5,,
2.4,6.5,,,,3.5,7.25,7.5,2.2,,6.08,,,17.25,,
5.2,7.25,,,,5.5,7.0,8.0,5.0,,6.83,,,19.75,,
5.4,6.25,3.25,3.0,4.75,,,,2.0,3.67,,11.65,13.15,,,10.65
3.8,3.75,,,,5.0,6.5,,,,,,,15.25,,
2.8,3.75,,,,2.75,3.75,,,,,,,10.25,,
2.4,4.5,,,,3.75,5.0,7.25,2.4,,5.33,,,13.25,,
3.2,6.25,,,,6.0,7.25,9.75,3.4,,7.67,,,19.5,,
5.0,6.75,4.25,4.25,5.75,,,,4.0,4.75,,13.5,15.0,,,13.25
2.8,4.5,,,,5.25,4.75,,,,,,,14.5,,
3.0,3.5,,,,3.0,5.25,5.25,1.8,,4.5,,,11.75,,
2.0,4.0,,,,3.5,5.75,5.0,2.0,,4.75,,,13.25,8.0,
3.8,4.25,,,,2.5,4.25,6.25,3.4,,4.33,,,11.0,,
3.6,3.25,,,,3.25,3.25,6.0,3.2,,4.17,,,9.75,,
,7.75,,,,6.5,9.0,,,,,,,23.25,,
3.4,5.25,,,,3.25,5.75,7.25,2.8,,5.42,,,14.25,,
3.2,7.5,,,,4.5,7.25,8.25,2.0,,6.67,,,19.25,,
3.2,3.75,,,,2.25,5.0,5.0,1.6,,4.08,,,11.0,,
2.6,4.0,,,,2.75,5.0,4.0,1.6,,3.92,,,11.75,,
8.2,6.25,7.0,6.25,4.5,,,,6.6,5.92,,21.45,18.95,,,21.8
6.2,8.25,,,,4.25,5.5,8.25,6.8,,6.0,,,18.0,,
5.6,8.5,,,,3.5,7.25,7.5,7.2,,6.08,,,19.25,,
7.0,8.75,4.25,4.25,6.25,,,,8.8,4.92,,15.5,17.5,,,20.05
7.8,6.5,8.25,4.75,4.75,,,,9.0,5.92,,20.8,17.3,,,25.05
3.0,6.75,,,,3.0,5.75,7.0,9.2,,5.25,,,15.5,,
4.0,6.5,,,,6.5,7.25,9.0,5.4,,7.58,,,20.25,,
6.0,5.0,6.0,3.5,3.5,,,,7.0,4.33,,15.5,13.0,,18.0,19.0
4.2,7.75,,,,6.25,7.5,7.25,4.0,,7.0,,,21.5,,
5.8,8.5,5.25,4.0,3.0,,,,6.8,4.08,,15.05,12.8,,,17.85
7.8,6.5,4.25,6.0,6.5,,,,4.0,5.58,,18.05,20.3,,,16.05
7.2,4.5,7.25,3.5,3.0,,,,7.2,4.58,,17.95,13.7,,,21.65
3.6,7.5,,,,4.25,6.5,9.0,2.0,,6.58,,,18.25,,
7.0,7.5,,,,5.25,7.0,9.25,3.2,,7.17,,,19.75,,
5.8,7.5,,,,6.75,7.25,8.75,3.6,,7.58,,,21.5,,
4.0,6.0,,,,6.25,7.5,8.5,4.0,,7.42,,,19.75,14.0,
5.6,4.25,,,,3.25,6.25,7.25,2.4,,5.58,,,13.75,,
2.0,5.5,,,,2.25,5.0,6.25,3.2,,4.5,,,12.75,,
3.8,6.25,,,,3.25,4.0,7.0,2.4,,4.75,,,13.5,,
4.0,7.0,,,,3.25,5.75,7.75,2.4,,5.58,,,16.0,,
2.8,3.5,,,,4.25,5.5,6.75,4.6,,5.5,,,13.25,,
6.2,5.25,5.5,6.0,5.25,,,,5.4,5.58,,17.7,17.45,,,17.1
3.0,4.25,,,,3.0,5.5,7.25,3.2,,5.25,,,12.75,,
3.6,7.75,,,,6.75,7.75,8.5,4.8,,7.67,,,22.25,,
3.2,6.75,,,,3.5,6.0,6.5,3.6,,5.33,,,16.25,,
2.2,5.25,,,,3.25,7.5,5.5,2.8,,5.42,,,16.0,,
4.4,7.75,,,,2.5,6.25,6.75,2.6,,5.17,,,16.5,,
4.2,5.75,,,,2.75,6.0,7.25,2.0,,5.33,,,14.5,,
4.8,6.25,5.0,3.75,3.5,,,,7.6,4.08,,13.55,12.05,,,17.4
3.6,4.5,,,,2.75,5.5,,,,,,,12.75,,
2.6,5.75,,,,2.75,4.0,,,,,,,12.5,,
5.4,4.25,3.25,5.5,3.75,,,,3.4,4.17,,14.15,14.65,,,12.05
3.8,4.0,,,,3.0,5.5,6.75,2.4,,5.08,,,12.5,,
6.6,5.5,,,,4.75,6.75,7.75,3.8,,6.42,,,17.0,,
6.4,6.75,4.0,4.25,4.25,,,,8.2,4.17,,14.65,14.9,,,18.6
6.4,3.25,5.75,4.75,5.0,,,,2.8,5.17,,16.9,16.15,,,14.95
3.6,6.75,,,,4.25,7.0,7.5,2.4,,6.25,,,18.0,,
4.4,8.0,,,,7.25,8.25,9.25,3.4,,8.25,,,23.5,,
4.8,7.25,,,,3.75,5.75,7.25,6.6,,5.58,,,16.75,,
2.2,2.5,2.0,3.5,4.25,,,,4.6,3.25,,7.7,9.95,,,8.8
6.0,8.25,,,,7.75,8.5,9.5,4.8,,8.58,,,24.5,,
2.0,3.0,,,,2.25,2.75,6.5,3.6,,3.83,,,8.0,,
4.4,6.5,,,,4.0,5.0,8.75,2.2,,5.92,,,15.5,,
5.0,7.25,,,,3.25,6.0,7.0,4.6,,5.42,,,16.5,,
4.8,7.0,,,,4.0,6.0,8.25,8.0,,6.08,,,17.0,,
3.0,6.75,,,,3.25,4.25,5.75,3.2,,4.42,,,14.25,,
5.6,5.5,4.0,3.75,3.25,,,,3.8,3.67,,13.35,12.6,,,13.4
4.8,6.5,,,,3.25,6.75,8.0,2.6,,6.0,,,16.5,,
5.6,7.5,,,,3.5,5.25,7.5,4.4,,5.42,,,16.25,,
3.2,5.0,,,,3.0,4.75,6.5,3.0,,4.75,,,12.75,,
3.4,6.0,,,,4.25,6.0,8.25,2.4,,6.17,,,16.25,,
2.8,4.75,,,,2.75,5.25,6.0,2.4,,4.67,,,12.75,,
6.0,8.0,,,,5.25,7.5,7.75,4.2,,6.83,,,20.75,,
5.0,6.5,,,,4.0,5.75,8.0,4.6,,5.92,,,16.25,,
3.0,8.75,,,,3.25,6.0,9.0,4.6,,6.08,,,18.0,,
3.4,5.0,,,,1.75,3.75,5.25,2.4,,3.58,,,10.5,,
3.8,6.75,,,,3.75,6.25,8.75,4.4,,6.25,,,16.75,,
2.4,5.75,,,,2.75,5.0,5.5,2.8,,4.42,,,13.5,,
3.8,2.75,,,,2.5,5.0,6.5,3.2,,4.67,,,10.25,,
5.8,6.25,,,,7.0,,,,,,,,,,
6.6,7.5,,,,6.75,,,,,,,,,,
5.0,6.25,,,,7.5,,,,,,,,,,
2.0,4.0,,,,3.75,,,,,,,,,,
3.2,6.75,,,,5.25,,,,,,,,,,
4.6,7.0,,,,5.0,,,,,,,,,,
3.2,,4.25,3.0,,,,,,,,10.45,,,,
4.0,7.75,,,,3.0,5.75,7.5,5.0,,5.42,,,16.5,,
4.4,6.75,,,,2.25,6.0,8.0,3.8,,5.42,,,15.0,,
2.8,2.0,2.5,2.0,3.5,,,,3.0,2.67,,7.3,8.3,,,8.3
5.2,5.5,,,,4.0,4.25,7.75,4.8,,5.33,,,13.75,,
4.0,7.0,,,,7.25,8.75,9.0,3.4,,8.33,,,23.0,,
7.6,7.25,,,,3.75,6.25,9.25,7.8,,6.42,,,17.25,,
5.0,7.25,4.75,5.75,4.0,,,,2.8,4.83,,15.5,14.75,,,12.55
2.0,5.75,,,,3.75,5.75,7.5,3.4,,5.67,,,15.25,,
4.8,4.0,4.75,7.75,3.0,,,,3.0,5.17,,17.3,15.55,,,12.55
3.4,2.25,,,,2.75,4.5,6.5,2.8,,4.58,,,9.5,,
4.6,8.75,,,,8.0,8.5,9.5,4.2,,8.67,,,25.25,,
6.4,7.0,,,,3.5,5.0,8.5,4.8,,5.67,,,15.5,,
3.4,6.0,,,,2.75,5.75,6.25,2.0,,4.92,,,14.5,,
4.6,7.0,,,,6.0,7.0,8.25,4.2,,7.08,,,20.0,,
4.4,7.0,,,,5.25,7.5,7.0,2.6,,6.58,,,19.75,14.0,
3.8,6.5,,,,3.75,5.5,8.5,3.0,,5.92,,,15.75,,
5.4,5.75,7.25,6.75,3.75,,,,4.4,5.92,,19.4,15.9,,,17.05
5.6,6.25,4.0,5.5,3.25,,,,4.2,4.25,,15.1,14.35,,,13.8
4.4,5.75,,,,3.5,5.5,7.5,5.0,,5.5,,,14.75,,
5.0,4.0,3.75,3.0,3.5,,,,2.6,3.42,,11.75,11.5,,,11.35
5.0,6.0,3.75,4.75,4.25,,,,2.2,4.25,,13.5,14.0,,,10.95
3.8,3.0,,,,3.0,6.25,,,,,,,12.25,,
3.0,7.75,,,,7.5,6.25,8.0,3.0,,7.25,,,21.5,,
6.4,7.25,7.0,6.75,4.5,,,,6.0,6.08,,20.15,17.65,,,19.4
2.4,2.5,,,,3.0,4.5,,,,,,,10.0,,
3.8,6.5,,,,4.0,4.75,7.75,2.8,,5.5,,,15.25,,
3.4,1.75,,,,3.0,4.75,,,,,,,9.5,,
6.4,5.75,5.0,4.0,4.5,,,,5.2,4.5,,15.4,14.9,,,16.6
5.0,6.0,,,,3.0,5.25,6.5,2.4,,4.92,,,14.25,,
4.6,3.5,,,,3.25,4.5,,,,,,,11.25,,
5.6,4.25,6.25,4.5,3.25,,,,3.2,4.67,,16.35,13.35,,,15.05
5.0,,5.75,4.5,,,,,,,,15.25,,,,
6.4,8.75,3.5,4.75,4.25,,,,8.0,4.17,,14.65,15.4,,,17.9
7.6,7.75,7.5,3.5,3.75,,,,7.6,4.92,,18.6,14.85,,,22.7
4.6,7.0,4.25,4.75,6.25,,,,3.4,5.08,,13.6,15.6,,15.0,12.25
5.4,4.75,,,,4.25,4.25,,,,,,,13.25,,
6.6,8.0,3.0,6.25,6.5,,,,5.2,5.25,,15.85,19.35,,,14.8
4.8,5.5,,,,2.5,6.5,7.75,3.4,,5.58,,,14.5,,
4.6,7.25,4.25,5.25,4.25,,,,4.6,4.58,,14.1,14.1,,,13.45
2.8,3.25,,,,3.75,5.0,,,,,,,12.0,,
,7.75,,,,7.25,7.0,,,,,,,22.0,,
5.4,6.5,7.25,5.5,7.0,,,,4.8,6.58,,18.15,17.9,,,17.45
,5.5,,,,4.5,6.25,,,,,,,16.25,,
2.4,5.5,,,,3.0,4.25,,,,,,,12.75,,
,5.25,,,,5.25,5.5,,,,,,,16.0,,
2.8,3.0,,,,2.75,3.75,,,,,,,9.5,,
5.6,,,3.25,6.25,,,,,,,,15.1,,,
5.8,4.5,6.25,1.25,3.5,,,,6.2,3.67,,13.3,10.55,,,18.25
2.6,3.5,,,,5.0,6.25,7.5,3.8,,6.25,,,14.75,,
6.2,8.25,,,,5.5,6.5,7.5,4.6,,6.5,,,20.25,,
6.4,8.0,,,,7.5,2.25,,,,,,,17.75,,
7.0,5.0,6.25,4.75,3.0,,,,5.6,4.67,,18.0,14.75,,,18.85
5.0,6.75,,,,4.25,7.25,7.25,6.6,,6.25,,,18.25,,
2.0,6.0,,,,2.75,,,,,,,,,,
8.0,6.5,7.75,7.5,6.75,,,,6.4,7.33,,23.25,22.25,,,22.15
7.6,5.75,6.25,5.0,4.0,,,,6.6,5.08,,18.85,16.6,,,20.45
5.6,8.75,,,,8.0,2.75,,,,,,,19.5,,
5.4,7.5,,,,4.25,6.25,8.25,3.4,,6.25,,,18.0,,
6.4,,,6.25,7.0,,,,,,,,19.65,,,
4.8,6.25,4.0,5.25,4.5,,,,5.0,4.58,,14.05,14.55,,,13.8
2.2,2.75,,,,4.25,3.0,,,,,,,10.0,,
2.6,4.5,,,,2.5,4.0,,,,,,,11.0,,
5.6,7.25,,,,,,,2.8,,,,,,,
6.0,5.0,4.0,4.5,3.5,,,,2.6,4.0,,14.5,14.0,,,12.6
3.0,5.0,,,,2.5,3.75,5.0,2.6,,3.75,,,11.25,,
2.2,5.0,,,,2.25,5.75,5.5,3.6,,4.5,,,13.0,,
6.0,6.75,4.75,5.75,5.0,,,,4.6,5.17,,16.5,16.75,,,15.35
4.0,5.5,,,,3.25,5.25,5.75,4.6,,4.75,,,14.0,,
2.0,7.5,,,,4.5,5.0,7.25,1.6,,5.58,,,17.0,,
2.2,2.25,,,,2.75,5.75,6.25,2.0,,4.92,,,10.75,,
4.8,7.25,,,,4.0,5.0,6.0,2.2,,5.0,,,16.25,,
3.6,6.75,,,,4.5,4.0,6.25,2.2,,4.92,,,15.25,,
5.4,8.0,,,,3.75,7.0,7.5,4.2,,6.08,,,18.75,,
5.0,5.0,,,,3.25,6.0,7.75,5.4,,5.67,,,14.25,,
4.6,6.75,,,,2.5,5.25,8.0,3.0,,5.25,,,14.5,,
5.6,7.25,,,,3.25,5.5,8.25,2.8,,5.67,,,16.0,,
4.2,6.0,,,,2.25,5.5,8.5,3.4,,5.42,,,13.75,,
3.2,5.25,,,,3.75,6.25,5.5,3.0,,5.17,,,15.25,,
4.2,6.75,,,,3.5,6.25,9.5,2.6,,6.42,,,16.5,,
3.6,6.0,,,,6.0,6.75,8.75,2.6,,7.17,,,18.75,,
3.6,3.75,,,,2.0,4.75,,,,,,,10.5,,
1.6,3.5,,,,2.75,3.5,4.0,2.4,,3.42,,,9.75,,
4.0,6.0,,,,2.0,4.75,6.0,3.2,,4.25,,,12.75,,
4.6,5.5,,,,4.0,4.75,6.0,2.6,,4.92,,,14.25,,
4.6,8.5,,,,4.5,5.75,9.0,3.4,,6.42,,,18.75,,
5.6,7.25,,,,3.25,8.0,6.75,2.6,,6.0,,,18.5,,
6.4,7.5,,,,7.25,7.5,8.25,4.0,,7.67,,,22.25,,
4.8,6.0,,,,4.5,7.75,8.75,2.4,,7.0,,,18.25,,
1.8,4.5,,,,3.75,6.5,7.75,2.6,,6.0,,,14.75,,
4.4,3.75,,,,3.25,6.0,7.5,2.8,,5.58,,,13.0,,
3.4,4.5,,,,4.75,5.75,7.5,0.6,,6.0,,,15.0,,
3.6,3.5,,,,3.75,4.0,7.25,1.6,,5.0,,,11.25,,
4.0,5.5,,,,2.75,6.0,7.75,2.0,,5.5,,,14.25,,
4.2,6.25,,,,5.0,6.25,6.75,3.2,,6.0,,,17.5,,
2.0,3.0,,,,3.0,3.75,6.5,2.4,,4.42,,,9.75,,
3.0,4.25,,,,3.25,4.75,5.25,3.0,,4.42,,,12.25,,
3.6,7.25,3.0,3.25,3.75,,,,2.2,3.33,,9.85,10.6,,,8.8
4.0,6.5,,,,3.0,5.5,7.25,2.6,,5.25,,,15.0,,
4.0,6.0,4.25,3.5,4.0,,,,3.8,3.92,,11.75,11.5,,,12.05
1.6,4.0,,,,4.25,5.25,,,,,,,13.5,,
6.2,8.0,,,,6.0,7.5,7.25,6.6,,6.92,,,21.5,,
3.2,5.5,,,,4.0,6.5,7.5,3.8,,6.0,,,16.0,,
3.8,8.0,,,,4.5,6.25,9.25,4.0,,6.67,,,18.75,,
2.8,4.5,,,,3.5,7.0,8.25,5.0,,6.25,,,15.0,,
2.6,3.0,,,,2.25,3.75,3.75,2.4,,3.25,,,9.0,8.0,
2.8,6.5,,,,5.75,5.0,7.5,2.8,,6.08,,,17.25,,
2.8,2.75,,,,3.5,5.75,,,,,,,12.0,,
3.8,5.5,,,,3.75,5.5,8.5,2.6,,5.92,,,14.75,,
3.8,6.5,,,,3.75,5.25,7.0,3.0,,5.33,,,15.5,,
4.4,3.75,,,,5.0,7.25,8.5,3.2,,6.92,,,16.0,,
4.6,5.25,,,,4.75,7.0,8.5,3.6,,6.75,,,17.0,,
3.8,5.5,,,,5.25,6.25,7.25,1.8,,6.25,,,17.0,,
3.0,2.75,,,,2.0,3.75,,,,,,,8.5,,
3.6,7.5,,,,4.5,5.25,7.75,3.4,,5.83,,,17.25,,
4.4,2.25,,,,2.0,5.25,6.5,3.6,,4.58,,,9.5,,
2.6,5.25,,,,3.0,5.25,,,,,,,13.5,,
4.0,6.75,,,,4.0,7.25,7.75,2.8,,6.33,,,18.0,,
4.2,5.0,,,,4.75,5.5,7.75,2.6,,6.0,,,15.25,,
5.8,8.75,,,,5.25,7.75,8.75,3.6,,7.25,,,21.75,,
4.4,7.25,,,,6.5,7.75,8.0,3.0,,7.42,,,21.5,,
4.2,6.25,,,,3.0,4.0,5.5,2.6,,4.17,,,13.25,,
3.4,3.5,,,,4.25,4.25,,,,,,,12.0,,
3.2,8.0,,,,2.5,4.0,6.5,2.6,,4.33,,,14.5,,
3.6,2.5,,,,2.75,5.0,5.75,3.0,,4.5,,,10.25,,
4.2,5.5,,,,3.25,4.75,6.5,3.4,,4.83,,,13.5,,
5.0,5.5,4.0,5.5,4.5,,,,3.0,4.67,,14.5,15.0,,,12.0
2.2,1.25,,,,2.0,3.0,,,,,,,6.25,,
5.4,7.0,,,,4.5,7.75,9.0,2.8,,7.08,,,19.25,,
3.4,3.0,,,,3.0,5.25,5.25,2.2,,4.5,,,11.25,,
4.8,4.0,,,,2.75,6.75,6.5,2.4,,5.33,,,13.5,,
3.4,4.75,,,,3.0,4.75,6.0,2.6,,4.58,,,12.5,,
3.8,4.5,,,,1.5,5.0,5.25,3.2,,3.92,,,11.0,,
5.4,7.75,,,,4.25,5.0,7.0,4.0,,5.42,,,17.0,,
3.2,6.0,,,,3.25,6.0,7.75,2.2,,5.67,,,15.25,,
4.8,8.0,,,,5.0,7.25,8.5,6.2,,6.92,,,20.25,19.0,
3.6,5.5,,,,3.0,5.5,6.5,2.8,,5.0,,,14.0,,
5.0,7.0,,,,8.25,9.0,9.5,4.8,,8.92,,,24.25,,
4.2,7.75,,,,6.0,8.25,9.0,2.8,,7.75,,,22.0,,
4.6,8.0,,,,5.0,,,,,,,,,,
2.4,3.75,,,,2.75,3.0,6.25,2.2,,4.0,,,9.5,,
2.8,5.25,,,,3.25,5.0,6.75,2.2,,5.0,,,13.5,,
2.4,4.75,,,,2.75,5.5,5.75,3.2,,4.67,,,13.0,,
3.0,5.25,,,,5.0,7.75,8.0,3.2,,6.92,,,18.0,,
2.4,2.5,,,,5.0,4.5,,,,,,,12.0,,
3.0,3.75,,,,2.5,3.25,,,,,,,9.5,,
2.6,3.25,,,,3.75,4.25,,,,,,,11.25,,
4.4,5.75,,,,4.5,6.25,8.5,3.0,,6.42,,,16.5,,
3.4,7.0,,,,5.25,,,,,,,,,,
4.2,3.25,5.5,4.0,5.25,,,,5.0,4.92,,13.7,13.45,,,14.7
4.0,4.25,,,,5.0,6.0,7.75,3.2,,6.25,,,15.25,,
3.0,5.5,,,,1.75,5.0,5.75,2.0,,4.17,,,12.25,,
2.8,6.25,,,,4.0,3.75,5.25,2.2,,4.33,,,14.0,,
5.0,7.0,5.0,5.25,6.5,,,,3.0,5.58,,15.25,16.75,,15.0,13.0
4.0,5.5,,,,4.5,5.75,7.5,2.4,,5.92,,,15.75,,
,6.75,,,,8.25,9.0,,,,,,,24.0,,
4.2,6.5,,,,4.25,8.0,8.0,3.8,,6.75,,,18.75,,
4.4,7.0,,,,5.25,5.5,8.0,3.4,,6.25,,,17.75,,
4.2,7.75,,,,2.5,6.5,6.75,3.4,,5.25,,,16.75,,
3.4,4.75,,,,3.0,6.5,4.75,1.4,,4.75,,,14.25,,
5.4,8.0,,,,5.75,6.0,7.5,3.0,,6.42,,,19.75,,
2.0,4.0,,,,3.75,5.0,6.0,3.0,,4.92,,,12.75,9.0,
2.0,1.25,,,,1.5,3.0,,,,,,,5.75,,
3.2,7.25,,,,3.75,5.0,8.0,3.2,,5.58,,,16.0,,
3.6,5.25,,,,4.75,4.75,6.25,2.8,,5.25,,,14.75,,
3.8,5.25,,,,6.0,6.5,7.75,3.4,,6.75,,,17.75,,
5.6,4.75,,,,4.75,7.0,7.25,3.0,,6.33,,,16.5,,
5.2,7.5,,,,,,,6.4,,,,,,,
2.6,4.0,,,,4.5,5.75,7.75,2.4,,6.0,,,14.25,9.0,
4.0,3.0,,,,2.5,4.75,5.75,2.8,,4.33,,,10.25,,
6.4,,,6.25,7.25,,,,,,,,19.9,,,
2.6,3.5,,,,2.25,2.75,4.25,3.2,,3.08,,,8.5,,
4.8,4.75,4.75,3.0,4.0,,,,2.6,3.92,,12.55,11.8,,,12.15
3.6,4.5,,,,2.75,5.5,6.5,2.6,,4.92,,,12.75,,
5.8,,7.25,6.0,,,,,,,,19.05,,,,
3.6,5.75,,,,3.5,4.5,7.0,1.6,,5.0,,,13.75,,
2.6,7.25,,,,5.25,6.0,8.5,2.4,,6.58,,,18.5,,
3.6,6.0,,,,5.0,6.75,7.5,2.6,,6.42,,,17.75,,
4.2,6.5,,,,2.75,4.5,7.25,2.6,,4.83,,,13.75,,
3.0,7.25,,,,4.25,8.0,7.5,2.2,,6.58,,,19.5,,
3.6,6.25,,,,3.5,4.75,6.75,2.6,,5.0,,,14.5,,
4.6,6.5,,,,3.5,5.75,8.5,4.2,,5.92,,,15.75,,
4.2,6.75,,,,4.0,6.5,7.5,4.2,,6.0,,,17.25,,
3.6,3.5,,,,3.5,6.75,,,,,,,13.75,,
4.8,4.25,,,,2.75,6.5,,,,,,,13.5,,
4.6,8.25,,,,6.0,5.5,7.75,2.2,,6.42,,,19.75,,
2.6,7.5,,,,3.5,5.75,6.25,3.4,,5.17,,,16.75,,
3.2,5.0,,,,3.0,6.25,7.25,2.4,,5.5,,,14.25,,
4.2,6.5,,,,3.5,5.75,7.0,2.4,,5.42,,,15.75,,
4.8,2.0,4.5,6.75,5.5,,,,4.4,5.58,,16.05,17.05,,,13.7
3.4,4.25,,,,4.25,7.25,8.0,3.2,,6.5,,,15.75,,
2.8,6.75,,,,3.5,5.25,6.75,3.2,,5.17,,,15.5,,
4.8,6.25,7.25,7.5,4.0,,,,3.2,6.25,,19.55,16.3,,,15.25
3.4,5.0,,,,2.75,2.25,5.0,2.4,,3.33,,,10.0,,
1.0,3.25,,,,2.5,5.75,,,,,,,11.5,,
2.6,6.5,,,,4.75,6.0,6.5,2.8,,5.75,,,17.25,,
5.2,6.0,5.5,4.0,4.25,,,,2.8,4.58,,14.7,13.45,,14.0,13.5
4.6,5.75,,,,2.75,5.25,7.0,4.0,,5.0,,,13.75,,
3.0,6.0,,,,2.0,5.75,5.25,2.0,,4.33,,,13.75,11.0,
2.0,4.75,,,,4.0,3.25,,,,,,,12.0,,
3.2,5.0,,,,3.75,5.25,,,,,,,14.0,,
3.2,6.25,,,,6.5,8.0,,,,,,,20.75,,
2.6,3.0,,,,4.75,5.5,,,,,,,13.25,,
5.4,8.5,4.5,4.0,5.75,,,,2.6,4.75,,13.9,15.15,,,12.5
4.8,4.25,,,,3.75,6.25,6.75,1.8,,5.58,,,14.25,,
4.2,5.5,,,,5.25,6.5,8.0,2.6,,6.58,,,17.25,,
4.0,7.0,,,,7.25,8.25,8.5,3.2,,8.0,,,22.5,,
2.6,6.0,,,,5.25,5.5,7.5,2.4,,6.08,,,16.75,11.0,
5.6,8.0,,,,7.25,7.0,8.5,3.2,,7.58,,,22.25,,
3.0,4.5,,,,4.0,5.5,,,,,,,14.0,,
,4.5,,,,2.75,4.25,,,,,,,11.5,,
3.0,2.0,,,,2.75,1.5,4.0,2.4,,2.75,,,6.25,,
2.0,7.75,,3.5,5.5,6.5,,,3.0,,,,11.0,,,
2.0,2.75,,,,2.5,3.5,4.75,2.2,,3.58,,,8.75,,
1.8,3.5,,,,2.75,3.75,3.0,1.6,,3.17,,,10.0,,
3.2,2.75,,,,2.75,3.5,5.25,2.6,,3.83,,,9.0,,
2.4,5.0,,,,3.75,5.5,5.5,1.4,,4.92,,,14.25,,
2.4,3.75,,,,2.0,3.25,,,,,,,9.0,,
,7.5,,,,6.0,7.25,,,,,,,20.75,,
4.0,5.5,,,,5.0,5.0,,,,,,,15.5,,
2.6,3.25,,,,2.0,3.5,,,,,,,8.75,,
,6.75,,,,7.0,7.75,,,,,,,21.5,,
3.2,1.75,,,,2.75,3.0,,,,,,,7.5,,
3.4,3.0,,,,3.0,5.25,,,,,,,11.25,,
4.0,3.5,,,,3.25,4.0,,,,,,,10.75,,
2.4,4.5,,,,5.75,7.0,,,,,,,17.25,,
4.6,3.75,,,,3.25,4.75,,,,,,,11.75,,
3.2,5.25,,,,4.75,6.5,,,,,,,16.5,,
4.0,4.25,,,,3.0,4.5,,,,,,,11.75,,
3.2,3.25,,,,2.5,4.5,,,,,,,10.25,,
2.4,3.25,,,,1.75,5.25,,,,,,,10.25,,
3.8,4.75,,,,2.75,5.5,,,,,,,13.0,,
3.8,4.0,,,,4.25,6.0,,,,,,,14.25,,
2.8,3.25,,,,2.25,5.25,,,,,,,10.75,,
3.0,4.0,,,,4.25,6.0,,,,,,,14.25,,
2.8,2.0,,,,3.5,3.5,,,,,,,9.0,,
2.2,2.75,,,,2.25,3.75,,,,,,,8.75,,
1.8,5.0,,,,3.25,6.25,,,,,,,14.5,,
2.6,5.25,,,,4.0,5.25,,,,,,,14.5,,
7.6,7.0,7.25,8.0,4.0,,,,6.8,6.42,,22.85,19.6,,,21.65
4.6,5.5,5.5,3.75,4.25,,,,7.2,4.5,,13.85,12.6,,,17.3
4.8,6.25,8.25,4.0,5.0,,,,8.2,5.75,,17.05,13.8,,,21.25
5.8,6.5,2.25,6.25,6.5,,,,5.4,5.0,,14.3,18.55,,,13.45
1.8,2.75,,,,3.25,3.5,,,,,,,9.5,,
4.6,7.5,,,,5.25,7.5,7.75,3.6,,6.83,,,20.25,,
3.4,6.25,,,,3.75,6.75,6.5,3.6,,5.67,,,16.75,,
4.4,6.5,4.0,3.5,3.25,,,,3.4,3.58,,11.9,11.15,,,11.8
5.2,6.75,,,,5.25,7.0,7.75,2.2,,6.67,,,19.0,,
5.0,7.0,5.0,4.25,2.5,,,,4.8,3.92,,14.25,11.75,,,14.8
2.0,2.5,,,,5.0,4.5,,,,,,,12.0,,
6.0,,5.0,4.0,,,,,,,,15.0,,,,
2.8,2.0,,,,3.0,3.25,,,,,,,8.25,,
2.0,3.75,,,,,,,4.4,,,,,,,
3.8,2.75,,,,4.5,6.0,,,,,,,13.25,,
7.6,8.0,,,,7.0,,,6.8,,,,,,,
8.0,,7.5,7.0,,,,,,,,22.5,,,,
4.8,7.75,,,,6.75,,,,,,,,,,
3.4,5.0,,,,2.5,5.25,,,,,,,12.75,,
5.6,8.0,,,,,,,5.6,,,,,,,
3.4,6.0,,,,2.25,5.25,,,,,,,13.5,,
2.4,5.5,,,,4.0,4.75,,,,,,,14.25,,
2.2,1.5,,,,2.0,5.0,,,,,,,8.5,,
2.4,3.0,,,,3.75,5.25,,,,,,,12.0,,
6.6,,4.5,,,,,,5.4,,,,,,,16.5
5.4,,3.75,,,,,,4.2,,,,,,,13.35
5.2,7.5,,,,4.5,5.25,8.0,3.0,,5.92,,,17.25,,
5.4,5.75,,,,3.5,4.25,7.25,3.2,,5.0,,,13.5,,
3.2,8.0,,,,8.25,7.0,9.0,2.0,,8.08,,,23.25,,
5.2,6.25,,,,5.0,6.75,8.0,4.0,,6.58,,,18.0,,
5.0,7.75,,,,7.5,8.25,9.0,3.4,,8.25,,,23.5,,
4.8,7.25,,,,3.25,5.0,6.75,4.6,,5.0,,,15.5,,
3.8,6.5,,,,4.75,6.0,6.75,2.8,,5.83,,,17.25,,
3.4,6.0,,,,5.0,7.5,8.25,3.8,,6.92,,,18.5,,
4.8,8.0,,,,7.25,7.75,7.75,2.0,,7.58,,,23.0,,
4.4,7.25,,,,4.5,5.5,6.5,2.6,,5.5,,,17.25,,
3.2,6.0,,,,3.0,5.25,6.25,3.0,,4.83,,,14.25,,
2.6,6.0,,,,2.75,4.5,5.0,2.8,,4.08,,,13.25,,
2.0,3.75,,,,2.75,6.0,7.0,2.6,,5.25,,,12.5,,
2.2,5.0,,,,4.0,5.5,6.75,3.0,,5.42,,,14.5,,
6.4,7.5,,,,3.75,6.75,8.0,3.2,,6.17,,,18.0,,
3.8,6.5,,,,3.25,4.25,4.5,4.0,,4.0,,,14.0,,
4.4,6.25,,,,4.75,8.5,8.75,4.6,,7.33,,,19.5,,
,6.25,,,,6.25,7.0,,,,,,,19.5,,
2.4,2.5,,,,5.0,4.0,,,,,,,11.5,,
6.8,5.75,6.5,5.0,4.25,,,,3.0,5.25,,18.3,16.05,,,16.3
6.2,6.5,5.25,5.0,6.25,,,,3.4,5.5,,16.45,17.45,,,14.85
7.4,7.25,6.75,5.0,6.0,,,,8.6,5.92,,19.15,18.4,,,22.75
5.8,4.5,5.75,5.5,4.0,,,,3.8,5.08,,17.05,15.3,,,15.35
6.6,3.25,6.75,3.75,4.75,,,,6.0,5.08,,17.1,15.1,,,19.35
3.2,6.25,,,,2.5,5.25,7.5,2.2,,5.08,,,14.0,,
4.4,5.75,,,,3.5,4.75,6.5,2.4,,4.92,,,14.0,,
2.0,5.5,,,,3.25,5.0,7.0,4.2,,5.08,,,13.75,,
5.6,8.0,,,,4.5,5.75,8.0,7.6,,6.08,,,18.25,,
5.8,3.5,,,,3.25,3.75,5.25,4.0,,4.08,,,10.5,,
4.0,6.5,2.75,3.0,5.25,,,,3.4,3.67,,9.75,12.25,,,10.15
3.8,4.5,,,,2.0,5.75,7.5,3.0,,5.08,,,12.25,,
2.8,1.75,,,,2.0,3.5,4.75,2.4,,3.42,,,7.25,,
2.2,2.5,,,,2.75,4.5,,,,,,,9.75,,
2.2,3.25,,,,3.5,2.25,,,,,,,9.0,,
4.4,2.75,,,,3.0,4.5,,,,,,,10.25,,
3.2,3.25,,,,3.0,4.5,,,,,,,10.75,,
2.6,3.0,,,,4.0,1.75,,,,,,,8.75,,
6.6,7.5,,,,3.25,6.25,8.5,,,6.0,,,17.0,,
3.6,7.5,,,,5.75,,,,,,,,,,
2.2,4.5,,,,4.75,,,,,,,,,,
5.6,,6.0,4.25,,,,,,,,15.85,,,,
6.4,7.5,8.5,4.75,5.0,,,,8.4,6.08,,19.65,16.15,,,23.3
3.4,2.75,,,,3.0,5.75,,,,,,,11.5,,
4.0,6.5,,,,2.25,4.0,4.25,2.4,,3.5,,,12.75,,
4.8,,5.0,,,,,,4.4,,,,,,,14.2
4.8,7.5,,2.75,5.5,,,,4.0,,,,13.05,,,
3.0,4.25,,,,2.75,4.0,7.5,3.4,,4.75,,,11.0,,
4.8,3.5,,,,1.75,4.75,,,,,,,10.0,,
5.8,8.0,,,,6.25,5.25,,,,,,,19.5,,
5.8,6.25,6.0,6.25,4.75,,,,3.6,5.67,,18.05,16.8,,,15.4
2.0,4.25,,,,4.0,5.5,7.0,4.6,,5.5,,,13.75,,
3.0,2.75,,,,2.5,3.75,5.25,2.8,,3.83,,,9.0,,
3.0,2.5,,,,2.5,4.5,4.75,2.0,,3.92,,,9.5,,
3.8,5.5,,,,3.5,5.0,7.75,2.4,,5.42,,,14.0,,
3.2,5.25,,,,1.75,5.0,5.75,3.0,,4.17,,,12.0,,
3.2,7.5,,,,4.25,5.5,8.0,2.8,,5.92,,,17.25,,
,8.25,,,,5.0,7.75,,,,,,,21.0,,
4.6,8.0,,,,6.5,6.75,9.25,2.0,,7.5,,,21.25,,
4.0,4.25,,,,3.5,7.0,7.5,2.8,,6.0,,,14.75,,
6.0,8.0,,,,8.0,9.25,9.25,5.4,,8.83,,,25.25,,
2.0,3.25,,,,2.75,4.25,,,,,,,10.25,,
3.8,6.75,,,,5.0,6.75,8.5,2.8,,6.75,,,18.5,,
4.2,7.25,,,,5.75,7.75,8.0,2.6,,7.17,,,20.75,,
3.6,6.25,,,,5.0,7.75,7.25,1.2,,6.67,,,19.0,,
4.6,3.5,,,,4.5,5.75,,,,,,,13.75,,
4.8,6.75,,,,4.0,6.25,8.5,3.2,,6.25,,,17.0,,
2.6,3.75,,,,2.5,6.25,,,,,,,12.5,,
6.8,5.75,5.75,6.75,4.75,,,,4.0,5.75,,19.3,18.3,,,16.55
4.4,3.5,,,,4.25,,,,,,,,,,
1.6,5.75,,,,4.75,,,,,,,,,,
4.8,5.0,,,,3.75,3.0,,,,,,,11.75,,
4.0,5.5,,,,,,,5.8,,,,,,,
5.2,6.5,4.5,8.0,6.5,,,,4.4,6.33,,17.7,19.7,,,14.1
3.2,4.5,,,,3.75,,,,,,,,,,
5.4,8.0,,,,5.0,6.5,7.25,8.0,,6.25,,,19.5,,
3.2,4.25,,,,5.0,,,,,,,,,,
2.8,3.5,,,,3.0,6.25,6.75,2.6,,5.33,,,12.75,,
2.8,6.5,,,,3.5,6.25,5.75,2.0,,5.17,,,16.25,,
4.4,7.5,4.75,3.5,3.75,,,,2.2,4.0,,12.65,11.65,,,11.35
2.6,4.75,,,,4.0,3.5,7.0,2.0,,4.83,,,12.25,,
1.8,2.0,,,,2.25,3.0,,,,,,,7.25,,
5.8,6.25,5.75,6.25,5.0,,,,4.0,5.67,,17.8,17.05,,,15.55
2.8,6.5,,,,3.75,4.5,6.5,2.4,,4.92,,,14.75,,
4.6,7.0,,,,5.25,5.0,7.75,5.4,,6.0,,,17.25,17.0,
4.0,5.25,,,,3.25,5.75,8.25,4.0,,5.75,,,14.25,,
6.4,7.25,4.25,4.0,3.25,,,,4.6,3.83,,14.65,13.65,,,15.25
4.4,3.75,,,,4.5,6.0,6.75,3.6,,5.75,,,14.25,,
3.2,3.75,,,,2.75,4.75,7.0,1.6,,4.83,,,11.25,,
5.6,3.25,3.75,6.75,4.25,,,,3.2,4.92,,16.1,16.6,,,12.55
2.8,6.25,,,,2.5,5.5,4.75,2.0,,4.25,,,14.25,,
3.6,6.5,,,,3.75,7.5,7.5,2.4,,6.25,,,17.75,,
4.6,4.75,,,,3.25,6.0,7.5,3.2,,5.58,,,14.0,,
5.2,6.0,6.25,5.5,5.5,,,,5.2,5.75,,16.95,16.2,,,16.65
1.8,4.75,,,,2.5,5.5,7.25,2.6,,5.08,,,12.75,,
4.2,7.25,,,,5.0,5.75,8.25,3.6,,6.33,,,18.0,,
4.0,5.0,,,,4.25,4.75,6.25,3.6,,5.08,,,14.0,,
3.6,5.5,,,,4.0,5.0,7.5,1.4,,5.5,,,14.5,,
3.0,3.75,,,,2.0,5.75,6.5,2.6,,4.75,,,11.5,,
4.6,7.0,,,,2.75,5.75,8.5,2.2,,5.67,,,15.5,,
7.0,5.5,5.5,5.5,4.5,,,,6.6,5.17,,18.0,17.0,,,19.1
2.0,3.25,,,,3.25,5.5,,,,,,,12.0,,
4.0,5.0,,,,5.0,8.0,7.75,2.4,,6.92,,,18.0,,
5.0,7.25,,,,4.25,6.25,8.25,3.6,,6.25,,,17.75,,
2.2,6.0,,,,4.25,5.75,7.5,3.4,,5.83,,,16.0,,
4.0,5.0,,,,5.5,6.75,8.0,2.6,,6.75,,,17.25,,
4.0,6.5,,,,5.75,6.0,7.75,1.4,,6.5,,,18.25,,
4.8,6.75,,,,2.25,5.0,7.0,2.4,,4.75,,,14.0,,
3.2,6.25,,,,3.25,4.25,4.75,3.6,,4.08,,,13.75,,
3.6,2.5,,,,2.25,4.25,5.5,2.2,,4.0,,,9.0,,
2.8,4.25,,,,3.5,5.25,,,,,,,13.0,,
2.8,5.25,,,,3.25,4.0,5.25,1.4,,4.17,,,12.5,,
3.6,7.25,,,,4.0,4.75,7.0,2.8,,5.25,,,16.0,,
3.0,5.5,,,,2.5,6.0,7.25,3.4,,5.25,,,14.0,,
3.6,4.5,,,,4.0,4.5,,,,,,,13.0,,
,8.75,,,,7.0,8.75,,,,,,,24.5,,
4.4,3.0,,,,2.5,4.0,7.75,1.6,,4.75,,,9.5,9.0,
5.0,8.0,,,,7.75,6.0,7.25,3.6,,7.0,,,21.75,,
1.8,4.25,,,,2.5,5.5,6.25,2.6,,4.75,,,12.25,,
5.6,5.75,,,,2.75,5.25,6.25,3.8,,4.75,,,13.75,,
3.6,4.5,,,,2.75,5.0,7.25,3.8,,5.0,,,12.25,,
5.0,5.75,,,,3.5,5.5,7.25,3.2,,5.42,,,14.75,,
4.2,4.5,,,,4.25,7.75,8.75,4.4,,6.92,,,16.5,,
2.8,5.0,,,,3.75,5.75,6.25,3.0,,5.25,,,14.5,,
3.0,5.25,,,,4.25,5.75,8.0,2.8,,6.0,,,15.25,,
4.2,7.75,,,,4.25,7.5,8.0,3.8,,6.58,,,19.5,,
3.4,3.25,3.25,3.0,5.25,,,,2.0,3.83,,9.65,11.65,,,8.65
2.4,2.5,,,,2.75,2.0,,,,,,,7.25,,
2.6,5.0,,,,3.25,3.25,5.5,3.6,,4.0,,,11.5,,
3.0,2.25,,,,3.0,6.5,,,,,,,11.75,,
4.4,5.5,,,,3.0,5.25,7.75,3.2,,5.33,,,13.75,,
4.2,8.0,,,,4.0,4.5,6.5,2.8,,5.0,,,16.5,15.0,
1.8,2.25,,,,4.25,4.0,4.75,1.8,,4.33,,,10.5,,
2.8,7.75,,,,2.75,5.75,8.5,3.4,,5.67,,,16.25,,
3.0,5.25,,,,3.25,6.75,5.75,3.0,,5.25,,,15.25,,
2.4,4.25,,,,3.5,6.25,6.5,2.6,,5.42,,,14.0,,
2.8,5.0,,,,3.75,6.0,7.5,1.8,,5.75,,,14.75,,
4.6,6.0,,,,3.75,5.5,8.0,4.0,,5.75,,,15.25,,
4.0,6.25,,,,4.25,7.25,7.75,2.8,,6.42,,,17.75,,
3.8,6.0,,,,5.25,6.0,8.0,3.0,,6.42,,,17.25,,
4.8,8.0,,,,6.25,7.0,8.75,3.2,,7.33,,,21.25,16.0,
3.2,5.75,,,,3.5,6.0,7.0,2.8,,5.5,,,15.25,,
2.2,6.25,,,,3.5,4.75,8.0,2.4,,5.42,,,14.5,,
1.8,6.0,,,,3.5,2.75,8.25,3.0,,4.83,,,12.25,,
4.0,4.25,,,,2.25,4.5,6.75,2.4,,4.5,,,11.0,,
3.6,6.25,,,,4.0,5.25,7.0,1.6,,5.42,,,15.5,,
2.4,5.75,,,,2.5,4.75,7.5,2.6,,4.92,,,13.0,,
3.6,7.0,,,,4.0,6.5,8.25,3.0,,6.25,,,17.5,,
2.8,7.75,,,,3.25,3.75,6.0,3.4,,4.33,,,14.75,,
2.6,2.75,,,,3.5,4.5,,,,,,,10.75,,
2.2,5.0,,,,3.0,3.5,5.75,2.6,,4.08,,,11.5,,
5.2,5.75,2.75,4.25,3.0,,,,2.6,3.33,,12.2,12.45,,,10.55
1.8,4.25,,,,4.0,5.75,5.5,1.2,,5.08,,,14.0,,
4.6,6.25,,,,4.0,5.75,7.5,2.4,,5.75,,,16.0,,
2.4,3.5,,,,2.25,4.5,,,,,,,10.25,,
3.2,3.25,,,,3.5,3.75,,,,,,,10.5,,
2.8,3.5,,,,2.5,4.5,5.0,2.0,,4.0,,,10.5,,
2.6,4.0,,,,4.25,3.25,4.75,2.2,,4.08,,,11.5,,
3.8,3.5,,,,2.75,5.75,5.75,2.2,,4.75,,,12.0,,
5.0,6.75,,,,4.5,8.0,8.75,2.0,,7.08,,,19.25,,
3.2,7.0,,,,2.75,6.75,7.25,2.2,,5.58,,,16.5,,
5.0,6.75,,,,4.25,7.0,7.5,3.6,,6.25,,,18.0,,
3.0,7.25,,,,4.25,5.25,6.25,2.4,,5.25,,,16.75,,
3.8,5.0,,,,4.25,6.75,7.5,2.6,,6.17,,,16.0,,
3.6,5.75,,,,4.0,5.75,6.75,2.0,,5.5,,,15.5,,
4.6,5.75,,,,6.5,6.5,8.0,3.8,,7.0,,,18.75,,
3.8,7.0,,,,5.75,7.25,7.75,3.2,,6.92,,,20.0,14.0,
4.6,8.25,,,,5.0,8.0,8.75,3.0,,7.25,,,21.25,,
3.6,4.0,,,,4.0,4.0,,,,,,,12.0,,
2.8,4.0,,,,3.5,6.5,9.0,3.4,,6.33,,,14.0,,
3.4,5.5,,,,4.25,6.75,8.75,1.8,,6.58,,,16.5,,
4.8,6.75,4.75,6.0,6.5,,,,4.2,5.75,,15.55,17.3,,,13.75
2.8,3.0,,,,2.75,2.5,3.5,2.0,,2.92,,,8.25,,
5.0,3.5,5.75,3.25,4.25,,,,4.0,4.42,,14.0,12.5,,,14.75
3.8,4.5,,,,3.75,4.25,6.0,2.0,,4.67,,,12.5,,
4.6,5.5,4.25,3.25,5.0,,,,2.2,4.17,,12.1,12.85,,,11.05
6.4,7.75,4.25,6.0,6.0,,,,3.8,5.42,,16.65,18.4,,,14.45
3.6,4.0,,,,4.5,5.5,7.25,2.2,,5.75,,,14.0,,
5.0,4.5,,,,4.0,5.0,7.0,2.4,,5.33,,,13.5,,
3.6,7.0,,,,4.5,5.75,,,,,,,17.25,,
3.6,6.5,,,,2.75,4.5,7.5,1.8,,4.92,,,13.75,,
5.0,6.25,4.5,3.25,3.25,,,,2.8,3.67,,12.75,11.5,,,12.3
4.4,6.25,,,,5.75,7.75,8.5,3.6,,7.33,,,19.75,,
3.0,5.75,,,,4.0,5.5,7.0,1.8,,5.5,,,15.25,,
4.4,6.25,,,,5.25,6.0,6.5,2.2,,5.92,,,17.5,,
2.0,2.75,,,,4.5,5.25,,,,,,,12.5,,
5.0,7.5,,,,1.5,5.25,6.75,3.0,,4.5,,,14.25,,
,6.5,,,,4.0,8.0,,,,,,,18.5,,
3.2,3.75,,,,3.0,5.5,6.25,2.8,,4.92,,,12.25,,
1.6,6.75,,,,2.25,3.5,5.25,1.8,,3.67,,,12.5,,
3.8,5.5,,,,4.25,4.5,7.75,3.0,,5.5,,,14.25,,
2.4,3.75,,,,3.25,5.25,,,,,,,12.25,,
2.6,3.75,,,,2.75,5.25,,,,,,,11.75,,
4.8,3.75,,,,3.25,6.0,,,,,,,13.0,,
3.0,3.25,,,,4.5,6.25,,,,,,,14.0,,
2.8,3.75,,,,2.25,4.75,5.5,3.0,,4.17,,,10.75,,
2.8,3.5,,,,3.25,5.5,,,,,,,12.25,,
2.6,3.5,,,,3.0,3.0,,,,,,,9.5,,
6.2,7.5,,,,7.25,6.0,9.5,4.2,,7.58,,,20.75,,
4.6,6.0,,,,4.0,6.0,8.0,3.8,,6.0,,,16.0,,
2.6,4.75,,,,3.75,4.75,6.75,2.2,,5.08,,,13.25,,
6.0,6.25,,,,5.75,8.25,8.75,3.6,,7.58,,,20.25,,
1.8,5.75,,,,2.75,6.5,7.0,3.6,,5.42,,,15.0,,
3.0,2.5,,,,2.25,5.5,4.75,2.4,,4.17,,,10.25,,
2.8,4.0,,,,4.25,4.75,,,,,,,13.0,,
2.8,5.5,,,,2.5,4.5,5.5,2.8,,4.17,,,12.5,,
6.0,7.0,3.25,5.5,6.5,,,,5.4,5.08,,14.75,18.0,,,14.65
3.2,7.25,,,,3.75,6.25,6.5,2.4,,5.5,,,17.25,,
3.8,6.25,,,,3.25,5.75,5.75,2.4,,4.92,,,15.25,,
3.2,6.25,,,,3.0,5.5,7.5,2.4,,5.33,,,14.75,,
2.4,5.25,,,,2.25,5.0,4.5,1.6,,3.92,,,12.5,,
5.0,6.5,,,,6.75,6.0,7.75,2.6,,6.83,,,19.25,,
3.6,6.0,,,,4.0,6.75,6.5,2.0,,5.75,,,16.75,,
6.0,7.25,5.5,4.25,4.25,,,,3.6,4.67,,15.75,14.5,,,15.1
3.8,5.5,,,,4.75,6.0,8.0,3.2,,6.25,,,16.25,,
5.2,6.0,4.25,3.0,3.5,,,,5.2,3.58,,12.45,11.7,,,14.65
3.0,4.0,,,,3.5,4.25,,,,,,,11.75,,
4.4,4.0,,,,5.0,6.75,,,,,,,15.75,,
2.2,6.5,,,,2.75,6.75,5.75,1.4,,5.08,,,16.0,,
4.0,6.5,,,,4.0,4.75,6.25,2.6,,5.0,,,15.25,,
3.8,5.25,,,,5.0,6.5,7.5,2.8,,6.33,,,16.75,,
2.6,3.5,,,,1.5,3.25,,,,,,,8.25,,
2.2,4.75,,,,4.0,7.0,7.25,1.2,,6.08,,,15.75,,
3.6,3.5,,,,2.5,5.75,5.5,3.0,,4.58,,,11.75,,
3.6,3.5,,,,2.75,3.0,3.25,2.6,,3.0,,,9.25,,
3.6,6.25,,,,2.25,7.25,5.75,2.8,,5.08,,,15.75,,
3.2,7.0,,,,3.0,5.75,7.25,2.8,,5.33,,,15.75,13.0,
4.0,5.0,,,,3.25,4.0,5.25,2.8,,4.17,,,12.25,,
2.8,3.25,,,,2.5,5.5,6.25,2.8,,4.75,,,11.25,,
2.6,6.75,,,,3.25,4.0,6.75,1.4,,4.67,,,14.0,,
3.8,3.5,,,,3.75,6.0,8.25,2.6,,6.0,,,13.25,,
4.2,3.5,,,,4.75,6.75,8.5,2.8,,6.67,,,15.0,,
3.6,4.5,,,,2.75,6.5,5.5,2.4,,4.92,,,13.75,,
2.6,5.5,,,,3.5,5.75,6.0,3.6,,5.08,,,14.75,,
4.6,4.25,,,,2.5,6.25,5.5,2.2,,4.75,,,13.0,,
7.2,8.5,5.75,6.25,4.0,,,,9.0,5.33,,19.2,17.45,,,21.95
6.0,7.75,5.75,7.0,6.25,,,,4.4,6.33,,18.75,19.25,,,16.15
4.0,3.0,4.0,3.75,3.5,,,,4.6,3.75,,11.75,11.25,,,12.6
5.6,5.5,7.0,4.5,6.5,,,,6.6,6.0,,17.1,16.6,,,19.2
5.8,6.0,3.25,6.75,4.25,,,,8.4,4.75,,15.8,16.8,,,17.45
5.4,9.0,4.0,3.5,3.25,,,,5.2,3.58,,12.9,12.15,,,14.6
5.4,6.0,5.0,3.25,3.75,,,,5.4,4.0,,13.65,12.4,,,15.8
5.2,4.5,6.75,6.75,4.5,,,,6.8,6.0,,18.7,16.45,,,18.75
6.4,3.5,6.0,5.75,3.0,,,,4.0,4.92,,18.15,15.15,,,16.4
9.4,6.5,6.25,4.0,4.75,,,,9.4,5.0,,19.65,18.15,,,25.05
6.8,8.25,6.25,6.0,5.0,,,,4.0,5.75,,19.05,17.8,,,17.05
3.2,6.75,,,,3.0,6.0,7.0,3.4,,5.33,,,15.75,,
3.8,5.5,,,,3.75,5.25,8.5,2.0,,5.83,,,14.5,,
5.0,6.25,,,,4.75,6.75,9.0,5.2,,6.83,,,17.75,,
4.4,5.75,,,,3.25,6.75,8.25,3.0,,6.08,,,15.75,,
5.6,8.75,,,,4.5,7.0,9.0,4.4,,6.83,,,20.25,,
3.0,5.75,,,,4.75,4.25,7.0,2.8,,5.33,,,14.75,,
4.0,8.25,,,,6.0,6.25,8.0,5.4,,6.75,,,20.5,,
4.4,5.75,,,,3.0,5.0,6.5,3.4,,4.83,,,13.75,,
3.4,5.75,,,,2.5,4.5,6.75,2.6,,4.58,,,12.75,,
2.8,2.0,,,,2.5,4.0,,,,,,,8.5,,
2.4,4.0,,,,4.0,6.5,,,,,,,14.5,,
5.0,4.75,,,,3.5,6.25,,,,,,,14.5,,
4.0,7.5,,,,4.0,7.25,9.25,4.6,,6.83,,,18.75,,
5.8,6.5,6.5,5.75,4.5,,,,3.2,5.58,,18.05,16.05,,,15.5
5.6,7.0,,,,5.5,7.0,9.25,6.4,,7.25,,,19.5,19.0,
2.6,5.0,,,,3.5,3.0,6.25,2.2,,4.25,,,11.5,,
1.2,4.75,,,,2.75,3.0,4.0,3.4,,3.25,,,10.5,,
3.2,5.25,,,,2.75,5.0,6.25,2.0,,4.67,,,13.0,,
4.4,6.25,,,,2.5,3.25,6.5,3.8,,4.08,,,12.0,,
4.0,3.25,,,,3.0,5.25,5.25,1.8,,4.5,,,11.5,,
2.8,3.5,,,,3.25,3.25,6.5,2.2,,4.33,,,10.0,,
3.2,4.25,,,,4.25,6.75,6.25,3.8,,5.75,,,15.25,,
6.2,5.75,,,,4.25,5.5,8.75,5.6,,6.17,,,15.5,,
3.8,6.5,,,,2.0,4.0,7.0,3.4,,4.33,,,12.5,,
4.4,7.75,,,,3.25,6.0,6.25,3.8,,5.17,,,17.0,,
2.6,6.0,,,,4.25,6.25,8.0,1.8,,6.17,,,16.5,,
5.4,6.25,,,,4.0,5.75,8.25,5.8,,6.0,,,16.0,,
4.4,3.25,,,,4.0,6.75,,,,,,,14.0,,
4.0,3.5,,,,2.25,5.25,,,,,,,11.0,,
2.0,3.75,,,,2.25,3.5,,,,,,,9.5,,
3.8,2.5,,,,3.25,4.75,,,,,,,10.5,,
2.0,2.5,,,,2.0,5.0,,,,,,,9.5,,
3.2,2.75,,,,3.75,6.75,,,,,,,13.25,,
3.6,7.0,,,,3.0,4.75,,,,,,,14.75,,
1.8,2.25,,,,3.0,3.75,,,,,,,9.0,,
2.6,2.75,,,,3.0,4.5,,,,,,,10.25,,
3.0,2.5,,,,2.75,5.5,,,,,,,10.75,,
2.6,3.75,,,,3.25,5.25,,,,,,,12.25,,
2.0,2.0,,,,2.75,5.25,,,,,,,10.0,,
3.4,2.75,,,,3.0,6.25,,,,,,,12.0,,
1.4,2.5,,,,2.0,3.5,,,,,,,8.0,,
2.8,1.25,,,,2.5,2.5,,,,,,,6.25,,
3.0,2.5,,,,3.0,4.25,,,,,,,9.75,,
3.6,5.0,,,,3.5,7.25,7.25,3.0,,6.0,,,15.75,,
3.8,7.5,,,,5.0,7.5,8.75,2.8,,7.08,,,20.0,,
2.8,5.5,,,,3.5,5.5,7.0,1.6,,5.33,,,14.5,,
3.0,6.0,,,,2.25,4.5,5.75,2.0,,4.17,,,12.75,11.0,
4.8,4.75,,,,4.5,5.25,9.0,3.2,,6.25,,,14.5,,
